string
description: 20210414_20210419_Ni_SiN_optical_density_low_gain
sample: Ni_low reference: SiN_low
eV optical density i.a.u.
666.79725132 0.0
666.9461381993652 0.0
667.0951508615353 0.0
667.24428930651 0.0
667.3935535342897 0.0
667.5429435448742 0.0
667.6924593382632 0.0
667.8421009144573 0.0
667.9918682734559 0.0
668.1417614152596 0.0
668.2917803398677 0.0
668.4419250472808 0.0
668.5921955374987 0.0
668.7425918105214 0.0
668.8931138663488 0.0
669.043761704981 0.0
669.194535326418 0.0
669.3454347306597 0.0
669.4964599177063 0.0
669.6476108875576 0.0
669.7988876402137 0.32457867824667697
669.9502901756746 0.32572999932114033
670.1018184939403 0.3237800269567958
670.2534725950107 0.3243787198018119
670.4052524788859 0.3207733046212681
670.5571581455661 0.32206478237837727
670.7091895950507 0.31948905500833763
670.8613468273404 0.3201438260865514
671.0136298424346 0.3230698018758766
671.1660386403339 0.32143619300805754
671.3185732210377 0.32593600080549584
671.4712335845464 0.3204720981250529
671.62401973086 0.32412916888241716
671.7769316599782 0.329737243774282
671.9299693719013 0.3264319764864168
672.0831328666291 0.31981764373257215
672.2364221441618 0.3211971527654259
672.389837204499 0.3216935932022866
672.5433780476413 0.3283021076942257
672.6970446735882 0.32740705621705335
672.8508370823399 0.32543512635653216
673.0047552738964 0.3214212484844372
673.1587992482578 0.3178781204285842
673.312969005424 0.3230220667661912
673.4672645453948 0.3244720765429368
673.6216858681704 0.32265665637716434
673.7762329737508 0.3202644664767232
673.930905862136 0.323094449030133
674.085704533326 0.3244616189043009
674.2406289873207 0.32070092471040196
674.3956792241203 0.31578013953793926
674.5508552437246 0.3179020758319552
674.7061570461337 0.3186305259124684
674.8615846313476 0.31445888256371735
675.0171379993664 0.3154206953515483
675.1728171501898 0.31217041005487606
675.328622083818 0.3131391432008066
675.484552800251 0.31311178238903903
675.6406092994888 0.3125281883389069
675.7967915815314 0.3157121262092924
675.9530996463787 0.318769423375483
676.109533494031 0.30779540510990455
676.2660931244878 0.3091311805486223
676.4227785377495 0.31279795997708604
676.579589733816 0.31103535931334125
676.7365267126874 0.3052336111526695
676.8935894743632 0.30578888371381535
677.0507780188442 0.3076456112988876
677.2080923461298 0.3079864053298088
677.3655324562202 0.3089201152581409
677.5230983491153 0.3033836208008602
677.6807900248153 0.2987367156889551
677.8386074833201 0.30067131908055794
677.9965507246295 0.30502479907097285
678.1546197487439 0.3027838239065277
678.312814555663 0.30425858835637654
678.4711351453868 0.3094242032143601
678.6295815179154 0.3063657351980291
678.7881536732489 0.3015915659535505
678.9468516113872 0.29681910818607743
679.1056753323301 0.2889770002197846
679.2646248360779 0.2974126699437681
679.4237001226304 0.29651005632544486
679.5829011919877 0.29379393875609927
679.7422280441498 0.29553852125473157
679.9016806791168 0.29451401198789756
680.0612590968884 0.2908740639897575
680.2209632974649 0.2904807608164
680.3807932808462 0.2901705012598138
680.5407490470321 0.2890983007469317
680.700830596023 0.28884920224361876
680.8610379278185 0.2921100828553249
681.0213710424189 0.2968457669074529
681.181829939824 0.295053674469737
681.342414620034 0.29126699888256874
681.5031250830486 0.287875946747636
681.6639613288681 0.2868845308102478
681.8249233574925 0.29130770799089467
681.9860111689214 0.290981532719306
682.1472247631554 0.2919519474729905
682.3085641401939 0.2874475212060222
682.4700293000374 0.2845117329583771
682.6316202426855 0.27944529381334304
682.7933369681385 0.27657927384141473
682.9551794763962 0.27898487477076134
683.1171477674587 0.28522322539255196
683.2792418413261 0.2804696074259422
683.4414616979981 0.2793671970975624
683.603807337475 0.27630153815612934
683.7662787597566 0.2766118796197858
683.9288759648431 0.2802165912813221
684.0915989527342 0.2797028025276261
684.2544477234303 0.2787242765208506
684.417422276931 0.27962300013902863
684.5805226132366 0.2774083557750874
684.743748732347 0.2775682316113393
684.9071006342621 0.2767275098464925
685.070578318982 0.27768681038313237
685.2341817865066 0.27971005105114016
685.3979110368361 0.2780860926184678
685.5617660699703 0.28558749234868996
685.7257468859094 0.28238709969513304
685.8898534846531 0.2784401114965566
686.0540858662017 0.2800075753794496
686.218444030555 0.28232950406779256
686.3829279777133 0.28007850779870896
686.5475377076763 0.2834330111790753
686.7122732204439 0.2798676516353964
686.8771345160164 0.2767903862470898
687.0421215943936 0.27974855597571996
687.2072344555758 0.2774077822751365
687.3724730995625 0.2755093296108293
687.5378375263542 0.2761820246921656
687.7033277359506 0.2764170256089551
687.8689437283517 0.27646918748023336
688.0346855035577 0.27800235050039135
688.2005530615685 0.28232218846279455
688.3665464023841 0.27826245137916084
688.5326655260043 0.2767250935443047
688.6989104324294 0.2824890585449488
688.8652811216592 0.28398301798565095
689.031777593694 0.28085335610739215
689.1983998485333 0.2791799696111524
689.3651478861775 0.26955731861415955
689.5320217066266 0.2718421624153799
689.6990213098803 0.26988076751807744
689.8661466959389 0.2714780933466049
690.0333978648022 0.2745743278379646
690.2007748164704 0.2707809520495463
690.3682775509432 0.2727332732444227
690.5359060682209 0.27276474149052204
690.7036603683033 0.26931661947887947
690.8715404511906 0.2734927433026713
691.0395463168827 0.2733913751634581
691.2076779653794 0.2668763061377856
691.375935396681 0.2659842770948144
691.5443186107874 0.26374409885031364
691.7128276076986 0.2635678009856579
691.8814623874144 0.2638302426191132
692.0502229499352 0.2674698880084353
692.2191092952606 0.2664679912735551
692.388121423391 0.2659747584493245
692.5572593343261 0.2653177026621056
692.7265230280659 0.2641346838986906
692.8959125046106 0.26586491668673856
693.0654277639599 0.25795997615159466
693.2350688061141 0.25759331175695127
693.4048356310731 0.261736347518301
693.5747282388368 0.26174229327894066
693.7447466294053 0.2641735979515517
693.9148908027786 0.26160531265279346
694.0851607589568 0.26009558872243554
694.2555564979396 0.25819935956723655
694.4260780197272 0.2565620837199153
694.5967253243197 0.2555586481147932
694.7674984117169 0.25398171367743233
694.9383972819188 0.2547657620961899
695.1094219349256 0.25644240601641216
695.2805723707372 0.25465540940274667
695.4518485893536 0.25069787588118586
695.6232505907748 0.2518054442978274
695.7947783750006 0.2547357171908479
695.9664319420314 0.25584555568583445
696.1382112918667 0.25116292723217165
696.310116424507 0.25290374248772474
696.482147339952 0.2537522319751364
696.6543040382019 0.2487329954971088
696.8265865192564 0.2441021859276203
696.9989947831158 0.24736097944723845
697.1715288297801 0.24928584555292843
697.3441886592489 0.24620519076105932
697.5169742715227 0.2455487072547647
697.6898856666011 0.24597562004650206
697.8629228444844 0.2447815262350417
698.0360858051724 0.24352893268196096
698.2093745486653 0.24299129009234102
698.3827890749628 0.24526366055635024
698.5563293840653 0.24560696893205441
698.7299954759726 0.24769539364580437
698.9037873506845 0.2471502761595206
699.0777050082013 0.24639469247781212
699.2517484485228 0.24839249720851742
699.4259176716491 0.25073418839874634
699.6002126775801 0.2497722290279892
699.774633466316 0.2438617860834556
699.9491800378566 0.2485457018639041
700.1238523922021 0.2474513987781115
700.2986505293522 0.24876798845561068
700.4735744493073 0.24836757167070342
700.6486241520672 0.2447772941314709
700.8237996376316 0.24364913451960277
700.9991009060011 0.2447524545866123
701.1745279571751 0.2411342152036757
701.3500807911541 0.2373121941975204
701.5257594079377 0.23893220756532269
701.7015638075262 0.2388099346903287
701.8774939899196 0.24597475484452816
702.0535499551175 0.24185938600361434
702.2297317031204 0.24098456737872592
702.4060392339279 0.23834193793660727
702.5824725475403 0.24023946498249094
702.7590316439574 0.23769313569799172
702.9357165231794 0.24257709217209314
703.1125271852061 0.2425335702146553
703.2894636300376 0.23905903870034878
703.4665258576738 0.2412643422549654
703.6437138681149 0.23660351791912146
703.8210276613609 0.23747961195173373
703.9984672374114 0.23921556594423063
704.1760325962669 0.23617074409123723
704.353723737927 0.23345121276862218
704.531540662392 0.23433577621132304
704.7094833696617 0.23438389317978955
704.8875518597363 0.23821486481938015
705.0657461326156 0.23789105645846045
705.2440661882997 0.23500070091842415
705.4225120267886 0.2322245055401144
705.6010836480822 0.23112111594736143
705.7797810521807 0.23426649119091822
705.9586042390839 0.2327706044589089
706.1375532087919 0.23265405041751291
706.3166279613047 0.23578229991609667
706.4958284966223 0.23214348493534395
706.6751548147446 0.23092799946572257
706.8546069156718 0.23143004763533956
707.0341847994036 0.23266543114065247
707.2138884659403 0.23194204304133523
707.3937179152819 0.22983308874436523
707.573673147428 0.22921086055573234
707.7537541623791 0.2267193787464706
707.9339609601349 0.22940852660477787
708.1142935406955 0.22673490780760816
708.2947519040608 0.22686508117182994
708.475336050231 0.22636730640850514
708.656045979206 0.22929137489359502
708.8368816909857 0.23124451327720252
709.0178431855702 0.2308533726787857
709.1989304629594 0.22739267563633414
709.3801435231536 0.22596734674899677
709.5614823661524 0.22825163838997034
709.742946991956 0.2211609562890663
709.9245374005644 0.2206721671680902
710.1062535919776 0.22654370526646936
710.2880955661957 0.23038338238047085
710.4700633232184 0.22742615906879082
710.6521568630459 0.22577963266212125
710.8343761856781 0.22522675631452987
711.0167212911153 0.2215186066754879
711.1991921793572 0.22082019594617333
711.3817888504038 0.22171529401878884
711.5645113042552 0.22168088746344014
711.7473595409115 0.22086943456416355
711.9303335603724 0.21753646881230781
712.1134333626383 0.21894711439280443
712.2966589477089 0.21685862561964092
712.4800103155842 0.2186477945358095
712.6634874662644 0.2171715001259712
712.8470903997493 0.21772748360143676
713.030819116039 0.21683678534818743
713.2146736151334 0.22026888452026103
713.3986538970327 0.22323171070971054
713.5827599617368 0.21764740047843734
713.7669918092455 0.21483246331384373
713.9513494395592 0.21514909281542927
714.1358328526775 0.2158077833655449
714.3204420486007 0.2166137151966998
714.5051770273286 0.21460606122525955
714.6900377888613 0.2138426674330018
714.8750243331988 0.2127475584904404
715.0601366603412 0.20885900368640808
715.2453747702882 0.20980336498637683
715.4307386630401 0.21494136769525934
715.6162283385968 0.21708451804289478
715.8018437969581 0.21548685586399327
715.9875850381244 0.21784100448678456
716.1734520620953 0.22340211326637793
716.359444868871 0.22114429398357177
716.5455634584515 0.21579254170699544
716.7318078308369 0.21474762166701747
716.9181779860271 0.21270314839612578
717.1046739240219 0.21384519283671385
717.2912956448216 0.21435734511343357
717.478043148426 0.2083600085702076
717.6649164348353 0.21001667669350263
717.8519155040492 0.21299781783239996
718.0390403560681 0.21094779131501665
718.2262909908916 0.2128572670458769
718.4136674085199 0.21490551721530796
718.601169608953 0.21801952447423958
718.788797592191 0.21712245323296608
718.9765513582338 0.2135496435795381
719.1644309070812 0.212332634618378
719.3524362387335 0.21252143023100412
719.5405673531905 0.2114479402576399
719.7288242504524 0.20912789045974364
719.9172069305189 0.21175492398914547
720.1057153933903 0.2127717531215416
720.2943496390664 0.20690719148721914
720.4831096675474 0.209025695956463
720.6719954788332 0.20784584950696003
720.8610070729236 0.2037526983347241
721.050144449819 0.2059524684279619
721.2394076095189 0.20818072814100883
721.4287965520239 0.20429915830574694
721.6183112773334 0.20419260087604799
721.8079517854479 0.2019670227047979
721.997718076367 0.2042416618608321
722.1876101500911 0.19978285737744175
722.37762800662 0.20014323686197563
722.5677716459534 0.2040971675214678
722.7580410680918 0.20430696164733897
722.9484362730348 0.20449989037202554
723.1389572607827 0.20224852834531265
723.3296040313353 0.1951180513366827
723.5203765846928 0.19589689484918027
723.711274920855 0.1956491191831299
723.9022990398221 0.19671992698847643
724.0934489415939 0.19387126943385277
724.2847246261704 0.19530528061836294
724.4761260935518 0.19878605845276712
724.6676533437379 0.1949356533765737
724.8593063767288 0.19330967387454667
725.0510851925245 0.19660152961819558
725.2429897911251 0.20007231321998853
725.4350201725302 0.19509504780378703
725.6271763367403 0.19197355033512706
725.8194582837552 0.19249657254847144
726.0118660135747 0.1955713943198213
726.2043995261992 0.19240036836817423
726.3970588216283 0.19405957332065618
726.5898438998622 0.1950668983400177
726.782754760901 0.1888376494385874
726.9757914047445 0.19216926517857816
727.1689538313927 0.1904990265277314
727.3622420408459 0.19167916809071855
727.5556560331037 0.1904558018350772
727.7491958081663 0.19139727167956191
727.9428613660339 0.19000299974532242
728.136652706706 0.1881863667496116
728.330569830183 0.18626352441562818
728.5246127364646 0.18794432087198207
728.7187814255512 0.19248148826933817
728.9130758974426 0.19470996689505465
729.1074961521387 0.18724776122944745
729.3020421896397 0.18390729876318615
729.4967140099452 0.1841769695118102
729.6915116130557 0.1834440768549905
729.8864349989709 0.18397908887378847
730.081484167691 0.18593144605560832
730.2766591192158 0.18709642328076334
730.4719598535453 0.18978421374643578
730.6673863706797 0.18795492784006101
730.8629386706189 0.18944214028440423
731.0586167533627 0.18450528453730444
731.2544206189115 0.18400117256915077
731.450350267265 0.1835523024485113
731.6464056984231 0.18537392986710732
731.8425869123863 0.18528401490489096
732.038893909154 0.18347601480972914
732.2353266887267 0.18038490843884758
732.4318852511041 0.18132329245127277
732.6285695962862 0.18548861592624563
732.8253797242733 0.18443566648583734
733.022315635065 0.18083019609905462
733.2193773286615 0.17906533000542207
733.4165648050628 0.1783285684149571
733.6138780642689 0.17554242428409408
733.8113171062796 0.17554320828636108
734.0088819310953 0.17671232834819786
734.2065725387157 0.17594539428879438
734.404388929141 0.1766560239453194
734.6023311023708 0.180225855210741
734.8003990584057 0.1788984036037803
734.9985927972452 0.17858917977973274
735.1969123188895 0.17786214866153963
735.3953576233387 0.18106051848368082
735.5939287105925 0.18242166545417773
735.7926255806512 0.1830117560265043
735.9914482335147 0.17868435198330615
736.190396669183 0.1757370321959095
736.3894708876559 0.17516920841770572
736.5886708889337 0.17515085127694152
736.7879966730163 0.17295096676580837
736.9874482399036 0.17481892804166166
737.1870255895958 0.1735816487625137
737.3867287220927 0.17219747055695764
737.5865576373944 0.1715386902809585
737.7865123355009 0.16983290110069132
737.9865928164122 0.16706330164214622
738.1867990801281 0.16651857231646242
738.387131126649 0.16905041794863945
738.5875889559748 0.16613900580934723
738.7881725681051 0.1680702333796777
738.9888819630403 0.16967950086412167
739.1897171407802 0.16458868286818515
739.390678101325 0.16830288591987622
739.5917648446745 0.1725372677832814
739.7929773708288 0.16873476210643404
739.9943156797877 0.16577544131783722
740.1957797715517 0.1638159382236501
740.3973696461204 0.16485960417334516
740.5990853034938 0.16395671740061532
740.800926743672 0.1641935985217335
741.0028939666549 0.1649076666190088
741.2049869724427 0.1647164253331221
741.4072057610352 0.16702951241927352
741.6095503324326 0.16537772592312472
741.8120206866347 0.1605370341816592
742.0146168236416 0.15812261997601468
742.2173387434533 0.16450494129984858
742.4201864460697 0.16337536568686475
742.623159931491 0.16279606050121104
742.826259199717 0.16173104291318768
743.0294842507478 0.1618141175898102
743.2328350845834 0.16158903364192947
743.4363117012238 0.16625896496863782
743.6399141006689 0.16522315343688762
743.8436422829188 0.15995209903772287
744.0474962479734 0.15700866134860686
744.2514759958331 0.15963082047741298
744.4555815264973 0.16028231151618896
744.6598128399663 0.16207671258028744
744.8641699362402 0.16462127376130128
745.0686528153187 0.16145875547357108
745.2732614772021 0.16152405746145393
745.4779959218903 0.16343219414442103
745.6828561493833 0.16364716681572705
745.8878421596811 0.16221957915414245
746.0929539527835 0.16134535551678456
746.298191528691 0.15960334421801176
746.503554887403 0.16035959251804305
746.7090440289198 0.16283098946481678
746.9146589532414 0.15698339790419055
747.1203996603679 0.1555664154414761
747.326266150299 0.1551520386010752
747.532258423035 0.15892515310669356
747.7383764785758 0.15629254160113767
747.9446203169214 0.1582298981542504
748.1509899380718 0.1586465029344074
748.3574853420268 0.15916015315156995
748.5641065287869 0.15994612179999707
748.7708534983515 0.15566568887837173
748.9777262507209 0.15026643816629073
749.1847247858951 0.1500460513928616
749.3918491038742 0.14803055177364863
749.599099204658 0.1477666408333969
749.8064750882465 0.14848811360333428
750.01397675464 0.14851639977173775
750.2216042038381 0.1528319150329284
750.429357435841 0.15235858143511188
750.6372364506486 0.15319124134041973
750.8452412482612 0.15422297796455603
751.0533718286785 0.15281618071624908
751.2616281919005 0.15057729803686418
751.4700103379273 0.1510743586239615
751.6785182667589 0.1455979329195628
751.8871519783954 0.14635019637614943
752.0959114728365 0.14770097221394074
752.3047967500826 0.14607321632667908
752.5138078101332 0.14196880638396855
752.7229446529888 0.14457892767311614
752.932207278649 0.1489161016755075
753.1415956871142 0.141899493394987
753.3511098783841 0.13699856116957132
753.5607498524587 0.14140771228311955
753.7705156093381 0.1403326755387145
753.9804071490223 0.1394360508484179
754.1904244715114 0.1427287404152698
754.4005675768051 0.13966360883719783
754.6108364649036 0.13565433042162103
754.8212311358069 0.13607096415789183
755.0317515895151 0.13312133207638618
755.242397826028 0.1339998929951676
755.4531698453457 0.1303845771820709
755.6640676474682 0.13279134154168137
755.8750912323953 0.13332465889270664
756.0862406001274 0.13528280697665682
756.2975157506642 0.13490349648309694
756.5089166840058 0.1364184877696129
756.7204434001521 0.13230101422518226
756.9320958991034 0.12616839354453951
757.1438741808593 0.12496258000995922
757.35577824542 0.12593112872057904
757.5678080927854 0.12946840477976063
757.7799637229557 0.1285857361534996
757.9922451359308 0.1286174222915092
758.2046523317106 0.1284722120109177
758.4171853102953 0.1266020846749809
758.6298440716846 0.1277798283771558
758.8426286158789 0.13026154584616598
759.0555389428778 0.12928055042385916
759.2685750526815 0.12786573843544516
759.4817369452901 0.1277091931919926
759.6950246207034 0.12272761472584817
759.9084380789216 0.12069347578029607
760.1219773199443 0.12104853501053818
760.3356423437721 0.1245265128273634
760.5494331504044 0.12130885747192616
760.7633497398417 0.12396111402932358
760.9773921120837 0.12801757757488483
761.1915602671304 0.12974098434169323
761.4058542049819 0.1315996134812426
761.6202739256383 0.12599884057456986
761.8348194290995 0.12304505448518513
762.0494907153653 0.1214556910259402
762.2642877844361 0.12508384229300176
762.4792106363114 0.1269484957248585
762.6942592709918 0.12113620733384493
762.9094336884767 0.12230957310833374
763.1247338887665 0.12468234197628743
763.3401598718613 0.12766718316577377
763.5557116377605 0.12443520889211014
763.7713891864647 0.11659790504701482
763.9871925179735 0.12225969790488958
764.2031216322873 0.12221155792239859
764.4191765294058 0.12282516241490309
764.6353572093291 0.12210502229292575
764.8516636720572 0.12291449666583262
765.06809591759 0.12096574000229514
765.2846539459276 0.1244138966636742
765.50133775707 0.1266289415625325
765.7181473510173 0.1256002636797516
765.9350827277692 0.12118393421963528
766.152143887326 0.11950712351632689
766.3693308296874 0.12333344565337935
766.5866435548538 0.12100986755793224
766.8040820628248 0.11905879583473924
767.0216463536008 0.11962523332841801
767.2393364271815 0.11606840298800228
767.4571522835669 0.11719494472110682
767.6750939227571 0.11961991435990918
767.893161344752 0.11772722279100352
768.1113545495518 0.1181444379703023
768.3296735371564 0.11885395349548797
768.5481183075658 0.11999344858032557
768.7666888607798 0.113857606644402
768.9853851967988 0.11352260512705394
769.2042073156224 0.11339951847515549
769.423155217251 0.1113704726411355
769.6422289016842 0.10909088972400212
769.8614283689221 0.10952966915844901
770.080753618965 0.10771661612339532
770.3002046518126 0.10369310318764766
770.519781467465 0.10792170559236786
770.739484065922 0.09864249834746709
770.9593124471841 0.09719690078327227
771.1792666112508 0.10291177008648716
771.3993465581223 0.10170442943677328
771.6195522877985 0.09811408992322733
771.8398838002796 0.09717689121756386
772.0603410955655 0.09456124126074275
772.2809241736561 0.09318812774913918
772.5016330345516 0.09309038386110087
772.7224676782516 0.09513363633450708
772.9434281047567 0.09896300411340977
773.1645143140663 0.09792631722125127
773.3857263061809 0.09397734567718695
773.6070640811002 0.09427187679113323
773.8285276388243 0.09750191966633016
774.0501169793532 0.09349473916125851
774.2718321026869 0.09017603933082335
774.4936730088253 0.09638803320417054
774.7156396977684 0.09785210486158955
774.9377321695165 0.09418345471451525
775.1599504240693 0.0941717585190723
775.3822944614269 0.09332869464204979
775.6047642815892 0.08893458197117897
775.8273598845564 0.08911144459873753
776.0500812703283 0.08710173621566167
776.272928438905 0.08655082336812034
776.4959013902865 0.08938913991764326
776.7190001244726 0.08886629325665761
776.9422246414637 0.09017843385432282
777.1655749412595 0.0912734444906219
777.3890510238601 0.09002294568479235
777.6126528892655 0.08902750932377652
777.8363805374756 0.08753953784111529
778.0602339684905 0.09304092628104359
778.2842131823103 0.08907059316063325
778.5083181789348 0.08719976928233436
778.7325489583641 0.08540879085943319
778.9569055205982 0.08404608981503969
779.1813878656369 0.08860272776088629
779.4059959934807 0.08954293711266866
779.630729904129 0.08691261865597388
779.8555895975823 0.08767681010557034
780.0805750738402 0.08553983623726381
780.305686332903 0.08382145098383809
780.5309233747705 0.0795459100552382
780.7562861994428 0.07790349880821015
780.9817748069199 0.07885101315578812
781.2073891972018 0.078766659060863
781.4331293702885 0.07852443597968678
781.6589953261798 0.0821433109442509
781.8849870648761 0.0785411078499299
782.1111045863771 0.07584909378894548
782.3373478906828 0.07574328172731333
782.5637169777935 0.07998222975352116
782.7902118477087 0.08574335203736064
783.016832500429 0.08273331018054657
783.2435789359538 0.07684706983725464
783.4704511542835 0.07531906493050691
783.697449155418 0.07575867615549878
783.9245729393573 0.07467801361102816
784.1518225061013 0.07493593511019406
784.3791978556501 0.0757161649431818
784.6066989880038 0.075863579727148
784.834325903162 0.07061904777873976
785.0620786011253 0.06286253308211522
785.2899570818931 0.06441210573761229
785.5179613454659 0.06545124641009391
785.7460913918435 0.0659161264812444
785.9743472210257 0.06846496105027956
786.2027288330128 0.06453594058358855
786.4312362278047 0.06530618224226473
786.6598694054013 0.06293454234790792
786.8886283658027 0.06436376502604235
787.1175131090089 0.060183302371304134
787.3465236350198 0.06144345851115867
787.5756599438356 0.0637134995387945
787.8049220354561 0.060005289769989804
788.0343099098815 0.05680937130267391
788.2638235671116 0.0610199921426591
788.4934630071465 0.059730054433521154
788.7232282299861 0.05757382301473832
788.9531192356305 0.05578187532548225
789.1831360240798 0.054269573009049124
789.4132785953337 0.0536649562637626
789.6435469493925 0.05707595523398774
789.8739410862561 0.05236353086424211
790.1044610059245 0.05762301152955758
790.3351067083977 0.0606965299850684
790.5658781936755 0.05573555549996259
790.7967754617582 0.05701053284337819
791.0277985126456 0.056615736866013296
791.258947346338 0.05557863408597954
791.490221962835 0.05676782727508829
791.7216223621368 0.0593093997090306
791.9531485442434 0.05010325206964469
792.1848005091548 0.052057434833303065
792.416578256871 0.05557126476764206
792.6484817873919 0.053692808141677754
792.8805111007177 0.05492969053464717
793.1126661968482 0.05639341888639044
793.3449470757835 0.056347082048339804
793.5773537375235 0.05439716063501659
793.8098861820683 0.056929673030612055
794.042544409418 0.0553194982697671
794.2753284195724 0.05381411031671641
794.5082382125315 0.05737856671858098
794.7412737882955 0.05468644508909693
794.9744351468644 0.05382792934388336
795.2077222882378 0.05328998163707255
795.4411352124163 0.052214958403546806
795.6746739193993 0.05097987694809325
795.9083384091872 0.04983132073804437
796.1421286817798 0.053131859881068465
796.3760447371773 0.05478556466189825
796.6100865753796 0.05573388387540579
796.8442541963865 0.055036386702866535
797.0785476001984 0.046787931059710505
797.3129667868149 0.047817958535684706
797.5475117562363 0.04769476937925848
797.7821825084624 0.048747469301807914
798.0169790434933 0.04813702711126988
798.2519013613289 0.04925094814691015
798.4869494619695 0.050646870458588525
798.7221233454148 0.04903356026367306
798.9574230116648 0.05030677963072186
799.1928484607197 0.04515604367563288
799.4283996925792 0.04156059694085857
799.6640767072437 0.04012145192639302
799.8998795047128 0.04147919682947437
800.1358080849867 0.043320321999810354
800.3718624480654 0.04276752658802227
800.608042593949 0.041005213872144106
800.8443485226373 0.03751799340713718
801.0807802341303 0.039439093415372564
801.3173377284282 0.04170332546541858
801.5540210055308 0.03918891243014742
801.7908300654383 0.039490936821603095
802.0277649081504 0.03935062011209695
802.2648255336675 0.03814927101024755
802.5020119419893 0.03691327316317727
802.7393241331157 0.029911771772067285
802.976762107047 0.030267748380306096
803.2143258637832 0.03099763698590087
803.4520154033241 0.02872220083730436
803.6898307256697 0.027133727779512666
803.9277718308201 0.030066789902885235
804.1658387187754 0.02771461867908283
804.4040313895355 0.02644904098255539
804.6423498431002 0.02787594517752686
804.8807940794698 0.026251881074216405
805.1193640986442 0.030481982876334496
805.3580599006233 0.028238567114761318
805.5968814854073 0.027048260692706803
805.8358288529959 0.02983462662283131
806.0749020033894 0.03176136429126146
806.3141009365876 0.026246021500099873
806.5534256525907 0.027730762401282794
806.7928761513984 0.029282658699174135
807.0324524330111 0.02857513504068158
807.2721544974285 0.02534682288538661
807.5119823446506 0.024941085287033017
807.7519359746776 0.02214715624741921
807.9920153875094 0.021541061126970403
808.2322205831459 0.02610189405652409
808.4725515615871 0.028858256563863805
808.7130083228333 0.027258400152372374
808.953590866884 0.024518147603801495
809.1942991937398 0.020785308526074648
809.4351333034002 0.02245661692986145
809.6760931958653 0.024483495722488965
809.9171788711352 0.022375103513833244
810.1583903292101 0.02036554363493539
810.3997275700897 0.017293439686997338
810.6411905937739 0.016434741339431735
810.8827794002631 0.01993231379990334
811.1244939895569 0.01829664945291399
811.3663343616556 0.018113123197558968
811.608300516559 0.01555172790698698
811.8503924542673 0.01565838732791026
812.0926101747804 0.016489030277877122
812.3349536780981 0.01801741297406845
812.5774229642208 0.019793882418681498
812.820018033148 0.017770054648900958
813.0627388848802 0.015025330751402001
813.305585519417 0.012297214606565536
813.5485579367588 0.010441767139223948
813.7916561369052 0.011520369195342517
814.0348801198566 0.013908848172545736
814.2782298856125 0.009295753278621416
814.5217054341734 0.0074625235684457995
814.7653067655391 0.00813545901898078
815.0090338797095 0.0061588976510205725
815.2528867766846 0.006374944033999785
815.4968654564645 0.009370030744605965
815.7409699190493 0.005338126934273243
815.9852001644388 0.0041982874774042405
816.2295561926331 0.0046650949858003275
816.4740380036322 0.008698024394496368
816.7186455974361 0.010344645954636552
816.9633789740448 0.007943072710258898
817.208238133458 0.005492280419558895
817.4532230756763 0.005730098198851338
817.6983338006993 0.0061810410408406425
817.9435703085271 0.005381530110016386
818.1889325991596 0.00420486134681235
818.434420672597 0.008317778606143715
818.680034528839 0.006819375714641143
818.925774167886 0.005633977093772511
819.1716395897377 0.004807301659686028
819.4176307943941 0.004711420141657049
819.6637477818554 0.006870404639390667
819.9099905521214 0.006225665312271896
820.1563591051922 0.005601285000492746
820.4028534410677 0.0044828094242399495
820.6494735597481 0.00436874095295152
820.8962194612333 0.004866066623384701
821.1430911455232 0.004361947617202661
821.3900886126178 0.0036527521643070905
821.6372118625173 0.003858626884748467
821.8844608952217 0.007094589594813946
822.1318357107307 0.005733168804245907
822.3793363090446 0.006086016449655525
822.626962690163 0.005097794791575986
822.8747148540865 0.000972765157361194
823.1225928008146 0.0037686244888393908
823.3705965303476 0.009230859188022876
823.6187260426855 0.008291377714021175
823.8669813378278 0.00495314793795413
824.1153624157753 0.0022350118908232002
824.3638692765272 0.0022800240487381358
824.6125019200841 -0.003546118105643885
824.8612603464458 -0.0035294288068020894
825.1101445556122 0.0012367764484120304
825.3591545475833 0.0007715076945096311
825.6082903223594 0.0025199579772655755
825.8575518799403 -0.00038171210863299386
826.1069392203257 4.129946348979924e-05
826.3564523435161 -0.002352710810048202
826.6060912495111 0.0007130745463682039
826.8558559383112 -0.004929217734829574
827.1057464099157 -0.007526074975340596
827.3557626643252 -0.007756027357555757
827.6059047015394 -0.004382853578891475
827.8561725215585 0.0004850973472766807
828.1065661243823 0.004166017469447586
828.3570855100108 0.005292090734817893
828.6077306784442 0.004892096518418828
828.8585016296823 0.0006542995807599863
829.1093983637253 -0.004059965883121522
829.360420880573 -0.007483245015832497
829.6115691802255 -0.007697504330667
829.8628432626829 -0.010183077290466577
830.1142431279449 -0.008548079804555684
830.3657687760116 -0.007741500511447321
830.6174202068833 -0.00907463388552228
830.8691974205597 -0.009192167773950809
831.1211004170408 -0.008715205107411672
831.3731291963268 -0.008886894621981842
831.6252837584175 -0.015958971218481156
831.877564103313 -0.01105697396607186
832.1299702310133 -0.00525912767465505
832.3825021415184 -0.008345436858777621
832.6351598348284 -0.009941647858157009
832.887943310943 -0.011486794597236972
833.1408525698624 -0.012766133013975323
833.3938876115866 -0.011457617941266521
833.6470484361156 -0.015811820503149616
833.9003350434493 -0.016355309219520907
834.1537474335879 -0.014411277712943331
834.4072856065312 -0.020614659047207797
834.6609495622794 -0.01729213984021913
834.9147393008324 -0.01747472570074734
835.16865482219 -0.017084602946055488
835.4226961263524 -0.01449000987076546
835.6768632133196 -0.018075947827164904
835.9311560830918 -0.01851932568450474
836.1855747356684 -0.017554331589526028
836.44011917105 -0.014219051023234945
836.6947893892363 -0.017211105189395476
836.9495853902276 -0.017045550279771244
837.2045071740235 -0.01890277190815672
837.4595547406242 -0.022044022755210512
837.7147280900298 -0.013573631184283175
837.97002722224 -0.014063928259135307
838.225452137255 -0.019401127375196
838.4810028350748 -0.020562922219338878
838.7366793156995 -0.023397889298318108
838.9924815791289 -0.021064234781465054
839.2484096253631 -0.020923403725334508
839.504463454402 -0.022640727978028897
839.7606430662457 -0.020757405575962694
840.0169484608944 -0.02133037542601712
840.2733796383476 -0.018682350348996526
840.5299365986057 -0.02093909646937727
840.7866193416685 -0.024389647517193188
841.0434278675363 -0.02368247026213051
841.3003621762086 -0.023151161782541587
841.5574222676859 -0.026011423804886323
841.8146081419679 -0.024013643434652863
842.0719197990546 -0.018588496030456838
842.3293572389462 -0.019754389614884977
842.5869204616425 -0.02305402013398772
842.8446094671436 -0.022762677418015805
843.1024242554495 -0.02132721222493385
843.3603648265603 -0.022289448821643628
843.6184311804757 -0.023687337138988532
843.8766233171959 -0.018244778948911498
844.1349412367209 -0.017291113306835543
844.3933849390507 -0.016683234423839725
844.6519544241854 -0.017957178532657568
844.9106496921247 -0.021434932717885404
845.169470742869 -0.015203439484041157
845.4284175764178 -0.014015204216104532
845.6874901927715 -0.012524456666221142
845.94668859193 -0.010837611340874168
846.2060127738933 -0.01385695281778176
846.4654627386615 -0.017840397717868876
846.7250384862342 -0.014386505739702366
846.9847400166118 -0.012295498834341582
847.2445673297942 -0.015795209480674248
847.5045204257815 -0.015365334227821313
847.7645993045734 -0.015896173182818767
848.0248039661701 -0.012413436669279621
848.2851344105717 -0.01139109679533807
848.545590637778 -0.0012244228585833493
848.806172647789 -0.0036616001431611237
849.0668804406049 -0.001093668222205099
849.3277140162256 -0.002868783633609144
849.588673374651 0.001976321940715637
849.8497585158811 0.009063909533058459
850.1109694399162 0.015723641944803985
850.372306146756 0.025591044942820537
850.6337686364005 0.03661814355770158
850.8953569088499 0.05621324032131308
851.157070964104 0.08294006025873134
851.4189108021629 0.12125926605207381
851.6808764230266 0.18644741479256477
851.942967826695 0.28178758945248983
852.2051850131684 0.4046619267664547
852.4675279824463 0.5690825422479178
852.7299967345292 0.7901418440520939
852.9925912694167 1.0641585256624575
853.2553115871092 1.3573076080272501
853.5181576876063 1.6276567436428555
853.7811295709082 1.8187272083575878
854.044227237015 1.8746683228939605
854.3074506859264 1.82964713599252
854.5707999176427 1.7202423616867004
854.8342749321637 1.5796158737979071
855.0978757294896 1.4462334856958214
855.3616023096201 1.3401662790095448
855.6254546725556 1.2537669545589498
855.8894328182959 1.1774712978948163
856.1535367468408 1.107175856760093
856.4177664581905 1.0418466063984466
856.682121952345 0.9814940376414086
856.9466032293044 0.9320506165568506
857.2112102890684 0.8886186608996491
857.4759431316373 0.8546218963480716
857.740801757011 0.8292688309450338
858.0057861651894 0.8021890565184435
858.2708963561726 0.7912752969971422
858.5361323299607 0.7799392345947407
858.8014940865535 0.7728823001897244
859.066981625951 0.7762892662540173
859.3325949481533 0.7765165211582947
859.5983340531604 0.7778344922757394
859.8641989409724 0.7740888246315102
860.130189611589 0.7703625828598895
860.3963060650105 0.770625302800864
860.6625483012368 0.760697759666306
860.9289163202678 0.7517988309478976
861.1954101221036 0.7392173696312054
861.4620297067441 0.7261879025989942
861.7287750741897 0.7143834739274278
861.9956462244397 0.7057866446337011
862.2626431574947 0.6975107639135475
862.5297658733543 0.6900236030352045
862.7970143720189 0.6803594365016529
863.0643886534881 0.6758801312211263
863.3318887177622 0.66696541289527
863.5995145648411 0.6556993067980355
863.8672661947247 0.6557491296644509
864.1351436074132 0.6549993104912317
864.4031468029063 0.6517526380697803
864.6712757812044 0.6454567584205361
864.939530542307 0.6431455869557564
865.2079110862146 0.6399309803826775
865.4764174129268 0.6340718683387979
865.745049522444 0.635708743728071
866.0138074147658 0.6354829654004045
866.2826910898925 0.6233694069734873
866.551700547824 0.6182903772745217
866.8208357885602 0.6249007588491027
867.0900968121013 0.6275260316124195
867.3594836184469 0.6281455219697805
867.6289962075975 0.6159648252569783
867.8986345795529 0.6188098489766736
868.168398734313 0.6179928539471499
868.438288671878 0.6340975485992004
868.7083043922476 0.6455549346734805
868.978445895422 0.6680636519008616
869.2487131814013 0.7018743893069292
869.5191062501854 0.7377246820616709
869.7896251017742 0.7928331768204723
870.0602697361678 0.8562394773353457
870.3310401533661 0.933184716813793
870.6019363533693 1.0142780519838512
870.8729583361772 1.094626502131994
871.1441061017899 1.1723510608454628
871.4153796502076 1.2138443648822685
871.6867789814298 1.2391828570910408
871.9583040954569 1.2403029575303905
872.2299549922886 1.224392058552756
872.5017316719253 1.2004737273673625
872.7736341343667 1.1587244660599312
873.045662379613 1.1234997875134665
873.3178164076638 1.0946277171216878
873.5900962185196 1.0724529320901641
873.8625018121801 1.0443113726948243
874.1350331886455 1.0183921136893288
874.4076903479156 1.0001793451558612
874.6804732899905 0.9769181747859648
874.9533820148702 0.9594663487034573
875.2264165225546 0.9620504083216828
875.4995768130439 0.9558964061343461
875.7728628863377 0.9390238859441096
876.0462747424366 0.9257948941240267
876.3198123813402 0.9242622252899525
876.5934758030485 0.9250220170327181
876.8672650075616 0.9180166137755789
877.1411799948795 0.9062774094483249
877.4152207650022 0.8974822444038802
877.6893873179297 0.8926542349229073
877.963679653662 0.8887770532181112
878.2380977721991 0.8840290865449716
878.5126416735409 0.8831351283194213
878.7873113576874 0.8690741983390524
879.0621068246388 0.8650398291953094
879.337028074395 0.8606480697382065
879.6120751069559 0.8592833126177669
879.8872479223216 0.8568681627897923
880.1625465204921 0.8454371305057432
880.4379709014675 0.841835101286907
880.7135210652475 0.8439205895679578
880.9891970118324 0.8531744923730813
881.264998741222 0.8472964064891934
881.5409262534164 0.8351375254544411
881.8169795484155 0.8372318040646669
882.0931586262195 0.844677298648759
882.3694634868284 0.8441087557220398
882.6458941302418 0.8429015720597073
882.9224505564603 0.8438904455657757
883.1991327654832 0.8483729211587516
883.4759407573112 0.8373801433771965
883.7528745319438 0.8460532064721611
884.0299340893813 0.8511989410390366
884.3071194296235 0.8524162587201277
884.5844305526705 0.84961258434917
884.8618674585224 0.8490693503309668
885.1394301471788 0.848345171369728
885.4171186186402 0.847963738758304
885.6949328729063 0.8539141168846834
885.9728729099772 0.8626313319639674
886.250938729853 0.8599420040742541
886.5291303325334 0.8537058162273178
886.8074477180188 0.8459658530994926
887.0858908863088 0.8516224822350031
887.3644598374036 0.8536775042842984
887.6431545713032 0.8486198084533468
887.9219750880076 0.8403326057133147
888.2009213875168 0.8379962039142941
888.4799934698307 0.8387381800976321
888.7591913349494 0.8373848597308036
889.0385149828729 0.8495815779217857
889.3179644136012 0.8487178153486062
889.5975396271342 0.8429851090936427
889.8772406234721 0.8397415687041523
890.1570674026148 0.8479270628901686
890.4370199645622 0.8459865184405478
890.7170983093143 0.8449011449071199
890.9973024368713 0.8405298605815066
891.2776323472332 0.8426508198634057
891.5580880403996 0.843466883783242
891.8386695163709 0.8462657440855715
892.1193767751471 0.8462699628671282
892.400209816728 0.8467443092105345
892.6811686411136 0.8443755670921987
892.9622532483041 0.8435509970238707
893.2434636382993 0.8492918006552064
893.5247998110993 0.852318745637671
893.8062617667041 0.8460346918675845
894.0878495051137 0.8495003579523163
894.369563026328 0.852449175798936
894.6514023303471 0.8495386003195496
894.9333674171711 0.8515308147507463
895.2154582867997 0.8471557405177316
895.4976749392333 0.8446199415319994
895.7800173744715 0.8390558645458508
896.0624855925146 0.8463089908147172
896.3450795933625 0.8407517339508199
896.627799377015 0.8457118544132369
896.9106449434723 0.8367330238458008
897.1936162927345 0.8360973248590589
897.4767134248016 0.8353211933780371
897.7599363396732 0.8386197098980097
898.0432850373497 0.8399788276400539
898.3267595178311 0.8454553598330671
898.6103597811172 0.8454743918038488
898.894085827208 0.8469112692174549
899.1779376561036 0.8429999664609982
899.4619152678041 0.842051044126813
899.7460186623092 0.8415413336553843
900.0302478396192 0.8382369479745309
900.314602799734 0.8383926131209561
900.5990835426535 0.8429435071658109
900.8836900683777 0.8435298787009119
901.168422376907 0.8437679833221744
901.4532804682408 0.843929066072271
901.7382643423796 0.8524591802565419
902.0233739993229 0.8546496267995165
902.3086094390712 0.8564713691087907
902.5939706616242 0.8508087870487956
902.879457666982 0.8456594055153286
903.1650704551446 0.8472914084420726
903.4508090261119 0.8494915444143416
903.7366733798841 0.8623328836804842
904.022663516461 0.8618443750986609
904.3087794358427 0.8626647799902054
904.5950211380292 0.8619162366609946
904.8813886230205 0.8581872738221603
905.1678818908165 0.860078531743216
905.4545009414173 0.8618991269342587
905.7412457748229 0.8695050469793631
906.0281163910332 0.8736040071888317
906.3151127900485 0.8720321686047926
906.6022349718685 0.8715286176254411
906.8894829364932 0.8688935816545684
907.1768566839228 0.8775965432619012
907.464356214157 0.8755214248724882
907.7519815271961 0.8739201343430506
908.0397326230399 0.8736325969985456
908.3276095016885 0.8766085190792824
908.6156121631419 0.874990678928146
908.9037406074002 0.8798837448127086
909.1919948344631 0.8837088163363772
909.480374844331 0.8909958303648887
909.7688806370036 0.8835903485455192
910.0575122124808 0.8799544230010046
910.3462695707628 0.8825662127288826
910.6351527118497 0.8853670656489453
910.9241616357415 0.884700884286369
911.2132963424378 0.8881596304832657
911.5025568319392 0.8900668444508766
911.7919431042453 0.8842111350018234
912.081455159356 0.8894226204165211
912.3710929972715 0.8917552795669247
912.6608566179918 0.8879587331892611
912.950746021517 0.8891001574894936
913.240761207847 0.8935538490982043
913.5309021769817 0.8991041342038193
913.8211689289211 0.9034362257077396
914.1115614636655 0.8891561255449524
914.4020797812144 0.8885119253025485
914.6927238815683 0.8924796113557057
914.983493764727 0.8915740886534652
915.2743894306902 0.8931289184376621
915.5654108794586 0.8901294357401844
915.8565581110314 0.8907692537470331
916.1478311254092 0.8855346945222936
916.4392299225917 0.8823426984035591
916.730754502579 0.8786308439039664
917.0224048653711 0.8801576213929002
917.3141810109679 0.8751451955929911
917.6060829393696 0.874804507306646
917.898110650576 0.8728129831942986
918.1902641445872 0.8736243607214929
918.4825434214032 0.870906924742131
918.774948481024 0.8738838426111637
919.0674793234496 0.8727741928507236
919.3601359486798 0.8749036092094983
919.652918356715 0.8681942103654217
919.9458265475548 0.8695514043828958
920.2388605211996 0.8692514389871756
920.532020277649 0.8703673360089965
920.8253058169032 0.8726659097945798
921.1187171389622 0.8739834308370419
921.412254243826 0.8669188708495787
921.7059171314946 0.8659453277009147
921.999705801968 0.8724571954592917
922.2936202552461 0.8505739152352115
922.5876604913291 0.856059923385669
922.8818265102167 0.8584790605700438
923.1761183119092 0.8593319934103617
923.4705358964065 0.8594572590908606
923.7650792637086 0.864165258661159
924.0597484138154 0.8584361951863241
924.354543346727 0.8568809430064129
924.6494640624435 0.8553587376209281
924.9445105609645 0.8541992915980682
925.2396828422906 0.8508280031786067
925.5349809064212 0.8452974003056648
925.8304047533568 0.8463538394038602
926.1259543830971 0.8513885205613457
926.4216297956422 0.8475478393085357
926.717430990992 0.8481604887859724
927.0133579691467 0.8509602473110183
927.3094107301062 0.8549723012124245
927.6055892738704 0.8541844077693858
927.9018936004393 0.8491139150035257
928.198323709813 0.8500643985057171
928.4948796019917 0.8443294859269459
928.791561276975 0.8372956437960523
929.0883687347631 0.8421199245187406
929.3853019753559 0.847228972241701
929.6823609987537 0.8420376034899042
929.9795458049562 0.841630656101142
930.2768563939634 0.8459398276377895
930.5742927657755 0.8383879720346694
930.8718549203923 0.841846565132888
931.1695428578138 0.8415385354004812
931.46735657804 0.8416138758225468
931.7652960810713 0.833434278879942
932.0633613669073 0.8383329288207635
932.3615524355479 0.8345114342507728
932.6598692869934 0.83353714049425
932.9583119212438 0.8339423900941396
933.2568803382987 0.8366925494611471
933.5555745381586 0.8450793814989163
933.8543945208232 0.8385374912623179
934.1533402862925 0.8305118978089812
934.4524118345668 0.8243060694255067
934.7516091656457 0.8202370644779601
935.0509322795294 0.8166988734251376
935.3503811762181 0.8079690614464753
935.6499558557113 0.8084078886609362
935.9496563180094 0.8119080519437861
936.2494825631122 0.8024763301232383
936.5494345910199 0.8011692794568054
936.8495124017323 0.8010446479453418
937.1497159952496 0.796150692005269
937.4500453715716 0.797645935442045
937.7505005306983 0.8068007386223927
938.0510814726299 0.8025438659417171
938.3517881973662 0.798665238058522
938.6526207049073 0.7958308331510774
938.9535789952532 0.7946744243593181
939.2546630684039 0.7952507085036675
939.5558729243594 0.7926434441569685
939.8572085631196 0.7940771295545507
940.1586699846847 0.7903561091674058
940.4602571890545 0.7829040497789049
940.761970176229 0.7784617652183432
941.0638089462084 0.7828668391286563
941.3657734989926 0.7877625324902472
941.6678638345816 0.7867139600827582
941.9700799529752 0.7788010709334897
942.2724218541737 0.7771254715221503
942.574889538177 0.7776783227063719
942.877483004985 0.773365895572378
943.1802022545978 0.7725581770689278
943.4830472870154 0.7741477640189942
943.7860181022379 0.7670727168499688
944.0891147002651 0.7718902718871238
944.392337081097 0.7690176119953821
944.6956852447338 0.7688707312770526
944.9991591911754 0.7691180834284451
945.3027589204216 0.7681577795458783
945.6064844324726 0.7628740559330521
945.9103357273285 0.7568241979316821
946.2143128049893 0.7654547502470362
946.5184156654547 0.7627332455040473
946.8226443087249 0.7497901955223417
947.1269987347998 0.7564026427493694
947.4314789436796 0.759733367914376
947.7360849353641 0.755689747491047
948.0408167098535 0.7592532023593899
948.3456742671477 0.7663154178000825
948.6506576072466 0.7666643464886865
948.9557667301503 0.7576341374031921
949.2610016358586 0.7538030145525126
949.566362324372 0.7655383741836436
949.87184879569 0.7650811718279361
950.1774610498128 0.7697253935026483
950.4831990867405 0.762956221476024
950.7890629064727 0.7635541796622463
951.0950525090099 0.7699123632849009
951.4011678943518 0.7669847954457991
951.7074090624985 0.7700641453066546
952.0137760134501 0.7769999985301442
952.3202687472063 0.7754157768613092
952.6268872637673 0.7687795134138037
952.9336315631333 0.7648381646483032
953.2405016453038 0.7689039474631648
953.5474975102793 0.7744703453299342
953.8546191580594 0.769296776855053
954.1618665886444 0.7735994933478924
954.469239802034 0.77703336042853
954.7767387982286 0.7685400932277551
955.084363577228 0.7732311164730705
955.3921141390321 0.7797462237162882
955.6999904836409 0.7820481450497334
956.0079926110545 0.7814138406997553
956.3161205212731 0.7848687031868457
956.6243742142962 0.7856552944220733
956.9327536901242 0.7889342217053724
957.2412589487571 0.7866503232232085
957.5498899901946 0.7863039606648068
957.858646814437 0.7794344312071705
958.167529421484 0.7846644168869751
958.4765378113359 0.7849815187385524
958.7856719839926 0.7763122246289534
959.0949319394541 0.7764362367804326
959.4043176777204 0.779487253918196
959.7138291987914 0.7787295128720574
960.0234665026672 0.778264267230836
960.3332295893478 0.7756366684217147
960.6431184588332 0.7785454427075963
960.9531331111233 0.782913359450208
961.2632735462183 0.7790741055836579
961.573539764118 0.7743613418848816
961.8839317648225 0.776331243533933
962.1944495483317 0.7720645677157327
962.5050931146459 0.7701022009343748
962.8158624637647 0.773972661192216
963.1267575956883 0.7738495761181602
963.4377785104166 0.7702095949704725
963.7489252079499 0.7802839812515708
964.0601976882879 0.77609471472681
964.3715959514305 0.7795130899706977
964.6831199973782 0.7770155753704377
964.9947698261306 0.7673102372084153
965.3065454376875 0.7714024405991456
965.6184468320494 0.7755920139879026
965.930474009216 0.7723325440847124
966.2426269691875 0.7723978620109738
966.5549057119637 0.7665848776753027
966.8673102375448 0.7654152601530991
967.1798405459306 0.7686601333955752
967.4924966371211 0.7607338899576579
967.8052785111164 0.7624806886072407
968.1181861679165 0.7616841716281693
968.4312196075215 0.7583313963596172
968.7443788299312 0.7648784271243898
969.0576638351456 0.77003364246733
969.3710746231649 0.7669728245375904
969.684611193989 0.7700028721268803
969.9982735476177 0.7632008301618698
970.3120616840513 0.7540469728317499
970.6259756032896 0.7587501473986761
970.9400153053328 0.7517981343747373
971.2541807901807 0.7384236353459808
971.5684720578334 0.7483862863306237
971.882889108291 0.7471875046773748
972.1974319415533 0.751390501819204
972.5121005576204 0.7511287479167433
972.8268949564922 0.760932133636454
973.1418151381688 0.7571235655240892
973.4568611026501 0.7591101653858285
973.7720328499364 0.7503441690355432
974.0873303800274 0.7468478031554936
974.4027536929232 0.7489688175901392
974.7183027886238 0.7554522928367831
975.033977667129 0.7588968416036154
975.3497783284391 0.7450864079545175
975.6657047725539 0.7475359909488214
975.9817569994736 0.750368175221647
976.2979350091981 0.7478911829618499
976.6142388017273 0.7531680767149825
976.9306683770612 0.7488937877815804
977.2472237352001 0.7474560315255602
977.5639048761437 0.7424448822442951
977.880711799892 0.7462959347491097
978.1976445064452 0.7449643727835529
978.514702995803 0.7447992827297504
978.8318872679657 0.7429768785839914
979.1491973229331 0.7420305584192971
979.4666331607054 0.7384109100615405
979.7841947812826 0.7411127036263813
980.1018821846643 0.7427709195567928
980.4196953708508 0.7392394997424705
980.7376343398423 0.7425833570605035
981.0556990916384 0.7354893095821264
981.3738896262394 0.7325263427164092
981.6922059436451 0.7313209665905535
982.0106480438556 0.7254853323722303
982.3292159268709 0.7264784813585063
982.6479095926909 0.7165275200891
982.9667290413158 0.722685661076325
983.2856742727455 0.7293030613295823
983.6047452869798 0.7237154685511652
983.9239420840191 0.7263743606279748
984.243264663863 0.713904130129052
984.5627130265118 0.718547477640758
984.8822871719653 0.7149208348315311
985.2019871002236 0.7164535859920566
985.5218128112868 0.7041307427733727
985.8417643051546 0.7070492907063904
986.1618415818272 0.7053672357491206
986.4820446413047 0.6998645082821496
986.802373483587 0.7045060555517415
987.122828108674 0.7087054468659628
987.4434085165658 0.7071897240601388
987.7641147072624 0.7038787497519029
988.0849466807637 0.7050893003560161
988.4059044370697 0.6999697274915929
988.7269879761807 0.7006967830431523
989.0481972980965 0.6895387923401897
989.3695324028168 0.6895949217482892
989.690993290342 0.6828255655434506
990.0125799606723 0.683464380753073
990.334292413807 0.686564032804558
990.6561306497465 0.6803390774256569
990.9780946684909 0.6804640386493256
991.3001844700401 0.6750761946962478
991.6224000543941 0.6749999243449439
991.9447414215527 0.6654926066808484
992.2672085715163 0.668556588142559
992.5898015042847 0.6706497159809458
992.9125202198577 0.6678438066433497
993.2353647182356 0.6644572260859266
993.5583349994181 0.6624956880409976
993.8814310634056 0.669859786313622
994.2046529101978 0.6706250667260785
994.5280005397948 0.663749281689439
994.8514739521966 0.6646403832745226
995.175073147403 0.6543867246482472
995.4987981254144 0.6593116373627389
995.8226488862305 0.6531769384733754
996.1466254298514 0.6537794762576461
996.470727756277 0.6571606934337668
996.7949558655075 0.6477375446594206
997.1193097575427 0.652954302904091
997.4437894323827 0.6453384011176363
997.7683948900276 0.6389449690350056
998.0931261304771 0.6434728577699543
998.4179831537315 0.6335503265909025
998.7429659597906 0.6328104968237791
999.0680745486544 0.6331781613652923
999.3933089203233 0.6368347465461895
999.7186690747967 0.6348681784146554
1000.0441550120748 0.6334103774396206
1000.369766732158 0.632952953510418
1000.6955042350459 0.6375765033653344
1001.0213675207384 0.6329732009647787
1001.3473565892357 0.6401549253876191
1001.6734714405379 0.6468977341863943
1001.9997120746449 0.6484144656829048
1002.3260784915566 0.651819964712708
1002.6525706912731 0.6378337365533102
1002.9791886737945 0.6367907707886437
1003.3059324391205 0.6377473111478694
1003.6328019872512 0.63552242408886
1003.9597973181869 0.6412052305321965
1004.2869184319275 0.6373574233069933
1004.6141653284726 0.6388167041893592
1004.9415380078226 0.6430587465843363
1005.2690364699773 0.6469750668905357
1005.5966607149369 0.6514395142905235
1005.9244107427012 0.6460207800733578
1006.2522865532703 0.6459615201333873
1006.5802881466443 0.6460995266721742
1006.9084155228229 0.6477449812717107
1007.2366686818063 0.643030128207165
1007.5650476235945 0.6486039356801857
1007.8935523481875 0.6443640434917307
1008.2221828555853 0.6438060409342394
1008.550939145788 0.650062597963882
1008.8798212187953 0.6546253107123958
1009.2088290746074 0.6529774637867249
1009.5379627132243 0.6542494250748113
1009.867222134646 0.652456877517334
1010.1966073388726 0.6576015398752766
1010.5261183259038 0.6519019216963569
1010.8557550957398 0.6555093233601419
1011.1855176483806 0.6567026402246189
1011.5154059838263 0.6548601919237376
1011.8454201020766 0.6602255839372164
1012.1755600031317 0.6636523371623977
1012.5058256869918 0.6665191101412514
1012.8362171536564 0.6652534616938641
1013.1667344031259 0.6732138079945263
1013.4973774354003 0.6711962492997152
1013.8281462504794 0.6705987418182189
1014.1590408483632 0.6671473185710123
1014.4900612290519 0.6682181149362455
1014.8212073925453 0.6723852602624111
1015.1524793388435 0.6633479400348273
1015.4838770679464 0.678525038681234
1015.8154005798542 0.6890620558943904
1016.1470498745668 0.6768396247056335
1016.4788249520841 0.6794772973858509
1016.8107258124062 0.6782394472071489
1017.1427524555331 0.680820740848908
1017.4749048814648 0.689406715522241
1017.8071830902012 0.6798141533652357
1018.1395870817425 0.680700499868627
1018.4721168560884 0.6859402701983981
1018.8047724132393 0.6962486619626456
1019.1375537531949 0.7016888418657361
1019.4704608759552 0.6971890789063551
1019.8034937815204 0.7025193570667376
1020.1366524698902 0.697530567153614
1020.469936941065 0.70886794254822
1020.8033471950445 0.7082980891161496
1021.1368832318287 0.7108524898644706
1021.4705450514177 0.7005977043057547
1021.8043326538116 0.7125309377993855
1022.1382460390103 0.7184638336164985
1022.4722852070136 0.7156613976896997
1022.8064501578217 0.7131517628144746
1023.1407408914347 0.7072049021656692
1023.4751574078525 0.7141090045040489
1023.809699707075 0.7197024247298491
1024.1443677891023 0.7195223780866824
1024.4791616539344 0.714439276591945
1024.8140813015712 0.7122109139647395
1025.1491267320127 0.7282052298533277
1025.4842979452592 0.7324985930827835
1025.8195949413105 0.7359474533476639
1026.1550177201664 0.7259231252615548
1026.4905662818273 0.7201888448900327
1026.826240626293 0.7082485433707914
1027.1620407535631 0.7077864609813627
1027.4979666636382 0.7211746823772542
1027.834018356518 0.7335454863041371
1028.1701958322028 0.725246439828574
1028.5064990906922 0.7152531616134908
1028.8429281319866 0.714010513694192
1029.1794829560854 0.7157909285500708
1029.5161635629893 0.7238813321739206
1029.8529699526978 0.7232867491369853
1030.1899021252113 0.7296989696949439
1030.5269600805293 0.7347697397902352
1030.8641438186523 0.7408577131683457
1031.20145333958 0.7309010115209099
1031.5388886433125 0.7293808121658392
1031.8764497298498 0.7244018658589201
1032.2141365991918 0.7280609491893297
1032.5519492513386 0.7373959556515247
1032.8898876862902 0.7350391223604668
1033.2279519040467 0.7347984975620173
1033.5661419046078 0.7328468683644206
1033.9044576879737 0.7224208946848573
1034.2428992541445 0.7325055814363702
1034.5814666031201 0.7354697240663243
1034.9201597349004 0.7300827530787163
1035.2589786494855 0.7249257237051016
1035.5979233468754 0.7373597319859534
1035.93699382707 0.725290079580655
1036.2761900900693 0.7231745027325825
1036.6155121358736 0.7130122581959178
1036.9549599644824 0.7159828377867963
1037.2945335758964 0.72201523213319
1037.634232970115 0.7184538667627269
1037.9740581471383 0.7236437733751889
1038.3140091069663 0.7346446682576001
1038.6540858495991 0.7359816998716798
1038.9942883750368 0.7330585252044255
1039.3346166832794 0.7174196653360072
1039.6750707743265 0.7179767584310697
1040.0156506481785 0.7127208664567515
1040.3563563048356 0.705822127158792
1040.697187744297 0.6993323670162831
1041.0381449665633 0.6934779177976896
1041.3792279716345 0.6970205012293218
1041.7204367595104 0.6975887569260368
1042.061771330191 0.6930298506567542
1042.4032316836767 0.6934561625493048
1042.7448178199668 0.6884574756759089
1043.086529739062 0.6775532301802933
1043.4283674409617 0.680723050207659
1043.7703309256665 0.6851850261445175
1044.112420193176 0.6856207595174693
1044.45463524349 0.6860433852527701
1044.796976076609 0.677473276187377
1045.1394426925326 0.6730946238737994
1045.4820350912612 0.676705001159391
1045.8247532727944 0.6741417284414655
1046.1675972371327 0.6745184152990038
1046.5105669842756 0.6730092217563184
1046.853662514223 0.6659863329661351
1047.1968838269754 0.6466675196144599
1047.5402309225328 0.6562334041527406
1047.8837038008949 0.6618534182805451
1048.2273024620615 0.6587405517561694
1048.571026906033 0.6699830669746736
1048.9148771328096 0.6683523119226944
1049.2588531423905 0.6538750594313317
1049.6029549347763 0.6509404585933807
1049.947182509967 0.6566958295494948
1050.2915358679627 0.6609421998659766
1050.6360150087628 0.6596299696518977
1050.9806199323677 0.6533400530219439
1051.3253506387775 0.6462704868650231
1051.6702071279922 0.65349125515121
1052.0151894000114 0.6457743970544182
1052.3602974548357 0.6428257693391378
1052.7055312924645 0.6434009096174441
1053.0508909128985 0.6434967527318373
1053.3963763161369 0.6487521838820806
1053.74198750218 0.6438525115281503
1054.0877244710282 0.6456974388955108
1054.433587222681 0.6422614001856931
1054.7795757571387 0.6417445322246186
1055.125690074401 0.6419499371297661
1055.471930174468 0.6382481423052971
1055.8182960573401 0.6396188844584921
1056.1647877230168 0.6416386148004597
1056.5114051714984 0.633446876037556
1056.8581484027848 0.6322482371313373
1057.2050174168758 0.6351923316123664
1057.5520122137716 0.6324513391211795
1057.8991327934723 0.6232236377101412
1058.2463791559776 0.6244878082067049
1058.593751301288 0.6317195630567861
1058.941249229403 0.6193326801986045
1059.2888729403228 0.6239972673050848
1059.6366224340475 0.6204595181284467
1059.9844977105768 0.6310886614462924
1060.332498769911 0.6429838478497787
1060.6806256120497 0.6296566621738436
1061.0288782369933 0.6201818703591973
1061.377256644742 0.6243366445094883
1061.7257608352952 0.6247153761938296
1062.074390808653 0.6240076174920395
1062.4231465648159 0.6156336501138923
1062.7720281037837 0.6146055628165533
1063.1210354255559 0.616194026947569
1063.470168530133 0.616347325061285
1063.8194274175148 0.6099084566558741
1064.1688120877018 0.6083335884591391
1064.5183225406931 0.6168134655879308
1064.8679587764896 0.6198626813741789
1065.2177207950906 0.6235776747888633
1065.5676085964963 0.6137333020360984
1065.917622180707 0.6077060780164932
1066.2677615477223 0.6078734553605891
1066.6180266975425 0.612834053211687
1066.9684176301676 0.6172613407368022
1067.3189343455972 0.6084487516324932
1067.6695768438317 0.5987513332685751
1068.020345124871 0.5986083688758342
1068.3712391887152 0.6038627850138869
1068.722259035364 0.6086472584325037
1069.0734046648176 0.6079280524593892
1069.4246760770761 0.5972551050541871
1069.7760732721395 0.5996697815734584
1070.1275962500074 0.5970744373399024
1070.4792450106802 0.5966871145223248
1070.8310195541576 0.5985583791982935
1071.18291988044 0.5996228143232498
1071.5349459895272 0.589959239849418
1071.887097881419 0.5989873064924661
1072.2393755561156 0.593127174181619
1072.5917790136173 0.5823210611865434
1072.9443082539235 0.5858369060463132
1073.2969632770344 0.5854756052102583
1073.6497440829503 0.5804124453011404
1074.0026506716708 0.5717073939658303
1074.3556830431962 0.5740747178503303
1074.7088411975265 0.575515451260659
1075.0621251346613 0.572437336537441
1075.4155348546012 0.5789251676581212
1075.7690703573455 0.5775891927567377
1076.1227316428947 0.588311018167851
1076.476518711249 0.5725892327153949
1076.8304315624077 0.5738419954931963
1077.1844701963714 0.5776029413968045
1077.5386346131397 0.5682897154188444
1077.8929248127129 0.564544227317869
1078.2473407950908 0.5729342547065644
1078.6018825602737 0.5763712482024576
1078.9565501082611 0.5714247280143705
1079.3113434390536 0.5726882384360458
1079.6662625526506 0.5730547871069367
1080.0213074490525 0.5823888711246283
1080.3764781282591 0.5797352393830677
1080.7317745902706 0.5759089959345304
1081.0871968350866 0.5648796049328855
1081.4427448627077 0.5795862216177643
1081.7984186731335 0.5783102657907832
1082.154218266364 0.5691627944151204
1082.5101436423995 0.5858486754130189
1082.8661948012395 0.5745947030127226
1083.2223717428844 0.5664613850696663
1083.5786744673342 0.5707511534984793
1083.9351029745887 0.5846902758746251
1084.291657264648 0.5732582009436993
1084.648337337512 0.580493315400174
1085.0051431931806 0.5786230512030469
1085.3620748316544 0.5706598912259614
1085.7191322529327 0.5798495784362521
1086.0763154570159 0.5849986198532956
1086.4336244439037 0.5843440369002063
1086.7910592135966 0.5716053219061048
1087.148619766094 0.5717973288197635
1087.5063061013961 0.5711010759192356
1087.8641182195033 0.5563437201385217
1088.2220561204153 0.553650778956835
1088.5801198041318 0.5680356487136823
1088.9383092706532 0.5593456224084066
1089.2966245199793 0.5564782610499673
1089.6550655521105 0.5618943758032431
1090.013632367046 0.5568569378644732
1090.3723249647867 0.5577727497117031
1090.7311433453322 0.5603866248645724
1091.0900875086822 0.5611888192226385
1091.449157454837 0.5644341576329992
1091.8083531837965 0.5710538254523747
1092.167674695561 0.5803469588828776
1092.5271219901304 0.5646795529813612
1092.8866950675042 0.5638569675638507
1093.2463939276831 0.5577395378949962
1093.6062185706667 0.5505316277763374
1093.966168996455 0.55738328378701
1094.326245205048 0.5633651157069157
1094.686447196446 0.5605614144811055
1095.0467749706486 0.5504204309156739
1095.4072285276561 0.5552354092704475
1095.7678078674685 0.5579669874857422
1096.1285129900855 0.5683604725108572
1096.4893438955073 0.5694197777967728
1096.850300583734 0.5666740039913344
1097.2113830547653 0.5745087871832059
1097.5725913086014 0.5671543619397221
1097.9339253452422 0.564458833730579
1098.295385164688 0.5666685418993436
1098.6569707669387 0.5660380073423013
1099.0186821519937 0.5692230267083165
1099.380519319854 0.5686449851171773
1099.7424822705188 0.5611132977934923
1100.1045710039884 0.5651735883011547
1100.4667855202629 0.5691985053956501
1100.829125819342 0.561167950170175
1101.191591901226 0.5632166776406985
1101.5541837659148 0.5688766519681567
1101.9169014134081 0.5555719778150344
1102.2797448437066 0.5502051581235755
1102.6427140568098 0.5522307537409015
1103.0058090527175 0.5520712498280338
1103.3690298314302 0.5450953782504344
1103.7323763929476 0.5468765174451377
1104.09584873727 0.5504343413652406
1104.4594468643968 0.5499137152937085
1104.8231707743287 0.5464359694988733
1105.1870204670654 0.5390848806056799
1105.5509959426067 0.5475397810185735
1105.9150972009527 0.5512778997354437
1106.2793242421037 0.5549587279014456
1106.6436770660594 0.5542960989785176
1107.0081556728198 0.5631575030295765
1107.3727600623852 0.5626819412675029
1107.7374902347551 0.558089818223388
1108.10234618993 0.5616611214849754
1108.4673279279095 0.5501994984074556
1108.832435448694 0.5531403726847017
1109.197668752283 0.5482674273283432
1109.563027838677 0.5484035018407043
1109.9285127078756 0.5417034716891821
1110.2941233598792 0.5514636440722449
1110.6598597946875 0.5487895350228318
1111.0257220123005 0.5492078281357058
1111.3917100127185 0.5364603281845487
1111.757823795941 0.5365783262330964
1112.1240633619684 0.5431534335527292
1112.4904287108006 0.542664214653455
1112.8569198424377 0.5311043173297354
1113.2235367568794 0.5312282341282649
1113.590279454126 0.5329853873819325
1113.9571479341773 0.5367227143597533
1114.3241421970336 0.5384835134278712
1114.6912622426944 0.5245969794066685
1115.0585080711598 0.5192293892546033
1115.4258796824304 0.517652346446967
1115.7933770765057 0.525282173896779
1116.1610002533855 0.5283003204469724
1116.5287492130703 0.515762716854562
1116.89662395556 0.5184700315596605
1117.2646244808543 0.5126625232875235
1117.6327507889534 0.5098791234902992
1118.0010028798574 0.5077848351702178
1118.369380753566 0.5071814148472232
1118.7378844100795 0.503363782815411
1119.1065138493977 0.4980299354604399
1119.4752690715209 0.5021141895922507
1119.8441500764488 0.5043316634148867
1120.2131568641812 0.5072262068316729
1120.5822894347186 0.49683017488654213
1120.9515477880607 0.4875622377613656
1121.3209319242078 0.48459414008602314
1121.6904418431595 0.4945778891895117
1122.060077544916 0.49570089599230466
1122.4298390294773 0.4933730818073362
1122.7997262968433 0.49259564549976353
1123.1697393470142 0.49046058430379064
1123.5398781799897 0.4921888727071774
1123.9101427957703 0.49206773570023615
1124.2805331943555 0.4851088116870655
1124.6510493757455 0.4826931225681517
1125.0216913399404 0.48093184170608727
1125.3924590869397 0.46964873120836936
1125.763352616744 0.4640862589719271
1126.1343719293532 0.47735704952776065
1126.505517024767 0.4770971060425471
1126.8767879029856 0.47111839512930287
1127.248184564009 0.46271849953230093
1127.6197070078374 0.47075122695956
1127.9913552344703 0.4635805692781915
1128.3631292439081 0.4647413005679201
1128.7350290361508 0.4689092241489138
1129.1070546111982 0.4570296168119642
1129.4792059690503 0.4511379175365127
1129.851483109707 0.459957680200335
1130.2238860331688 0.46598365484887877
1130.5964147394354 0.4494828796873163
1130.9690692285067 0.4425945978989727
1131.3418495003825 0.4485429537851865
1131.7147555550637 0.43558451571800644
1132.0877873925492 0.44008682038902736
1132.4609450128394 0.4355941500041763
1132.8342284159346 0.42678744417352715
1133.2076376018347 0.42046604264561904
1133.5811725705394 0.42213109359312095
1133.9548333220487 0.4178347570537739
1134.328619856363 0.39809961088588414
1134.7025321734823 0.4015110317058234
1135.076570273406 0.39567606549705214
1135.4507341561348 0.37993342805183383
1135.825023821668 0.37749037428332805
1136.1994392700062 0.37815291323025657
1136.5739805011492 0.3705321519056188
1136.948647515097 0.3676125435329179
1137.3234403118497 0.3646027765335856
1137.698358891407 0.3591393425232312
1138.0734032537691 0.35106212287522526
1138.4485733989359 0.3562569372497387
1138.8238693269077 0.34985820624257613
1139.199291037684 0.3440554054229889
1139.5748385312652 0.34974415958098093
1139.9505118076513 0.3470881327748739
1140.326310866842 0.33774620776049585
1140.7022357088376 0.31644064786611203
1141.078286333638 0.32395925492602234
1141.454462741243 0.3204830529804901
1141.830764931653 0.32374316987716667
1142.2071929048677 0.30919781989349826
1142.5837466608873 0.29976429794862947
1142.9604261997115 0.306486798690335
1143.3372315213405 0.2960306031311354
1143.7141626257744 0.2913546984664294
1144.0912195130131 0.2804672342627715
1144.4684021830565 0.2821987126387153
1144.8457106359044 0.2743976034958241
1145.2231448715575 0.2715622738098175
1145.6007048900153 0.2698747031645362
1145.9783906912776 0.27295214109012456
1146.356202275345 0.26251990116359714
1146.734139642217 0.24424186261828462
1147.112202791894 0.23042735451712942
1147.4903917243755 0.21702174138498767
1147.868706439662 0.2079182448947264
1148.2471469377533 0.1996765498798147
1148.6257132186493 0.18683561829294587
1149.00440528235 0.16888645840342598
1149.3832231288557 0.13201260201121565
1149.762166758166 0.10913047018530266
1150.141236170281 0.08399833294081885
1150.520431365201 0.04726832468632357
1150.8997523429257 0.0033727464628051183
1151.2791991034549 -0.005036399297824009
1151.6587716467893 -0.05536194866987783
1152.0384699729284 -0.09704975863972494
1152.418294081872 -0.10905149203933388
1152.7982439736206 -0.13075364428574918
1153.178319648174 -0.16191794267459889
1153.5585211055322 -0.2182454766107976
1153.938848345695 -0.2507289548144664
1154.3193013686628 -0.26918730241075123
1154.6998801744353 -0.2939284965199823
1155.0805847630124 -0.33950527905912165
1155.4614151343944 -0.4018477451008398
1155.8423712885815 -0.4471203862188736
1156.223453225573 -0.5023203644983979
1156.6046609453695 -0.5721092832559332
1156.9859944479704 -0.624377758534151
1157.3674537333766 -0.6893573652032078
1157.7490388015872 -0.7777273301793878
1158.1307496526028 -0.8975198893707823
1158.512586286423 -0.9917045100305694
1158.8945487030483 -1.1371887686468558
1159.276636902478 -1.3010238363643962
1159.6588508847126 -1.6285099490551722
1160.041190649752 -1.880463658274788
1160.4236561975963 -2.257805420204402
1160.8062475282452 -2.7105025256964126
1161.188964641699 -2.737867493390507
1161.5718075379575 -2.6243638498724775
1161.954776217021 -2.641989687625677
1162.337870678889 -2.421153984453808
1162.7210909235619 -2.3046234438663187
1163.1044369510396 -2.2601088478883034
1163.487908761322 -2.1264412480973687
1163.8715063544093 -1.8660670920344817
1164.2552297303014 -1.6942068828702417
1164.639078888998 -1.5106214860206801
1165.0230538304997 -1.421810375288459
1165.407154554806 -1.2090618028095645
1165.7913810619173 -1.3833336586446654
1166.175733351833 -1.321159858793702
1166.5602114245537 -1.200254053188867
1166.9448152800794 -1.2267336362078733
1167.3295449184097 -1.1808903122845162
1167.7144003395447 -1.1479347881519966
1168.0993815434845 -1.206288216764867
1168.484488530229 -1.3182006572901657
1168.8697212997786 -1.2383313431571963
1169.2550798521327 -1.2655300411152788
1169.6405641872916 -1.3100460654447654
1170.0261743052554 -1.366995962849309
1170.4119102060238 -1.1825293988662273
1170.797771889597 -1.1690646314344557
1171.1837593559753 -1.1743063431307657
1171.5698726051583 -1.0984055391283436
1171.9561116371458 -1.2088222060950582
1172.3424764519382 -1.135515184127574
1172.7289670495354 -1.1184633150856478
1173.1155834299375 -1.2540819983002427
1173.5023255931442 -1.1097801766684443
1173.8891935391557 -0.9996627094237582
1174.276187267972 -1.2140399898287861
1174.663306779593 -1.2669023009360307
1175.050552074019 -1.2042492305343946
1175.4379231512498 -1.2444820143743847
1175.8254200112851 -1.2346332962234334
1176.2130426541255 -1.1316255957202255
1176.6007910797703 -1.3348568984001652
1176.98866528822 -1.206863742693183
1177.3766652794748 -1.0682900848503303
1177.7647910535343 -1.1646709798145727
1178.1530426103984 -1.0236641767842154
1178.5414199500674 -0.961838552790136
1178.929923072541 -0.9600811560970487
1179.3185519778194 -0.858479028985681
1179.7073066659027 -0.9200385675428289
1180.0961871367908 -0.9076537301646325
1180.4851933904836 -1.0574100272724771
1180.8743254269812 -1.0192036093017234
1181.2635832462838 -1.2103928385288363
1181.6529668483909 -1.1911805893133376
1182.0424762333028 -1.2131432918932854
1182.4321114010195 -1.0015407871406237
1182.821872351541 -0.9079808565684031
1183.2117590848673 -0.8329771315275445
1183.6017716009985 -0.9959520570719055
1183.9919098999344 -1.2596213273275905
1184.382173981675 -1.2145645002954921
1184.7725638462202 -1.039547393743405
1185.1630794935706 -0.912229250156398
1185.5537209237257 -1.0257191042582452
1185.9444881366853 -1.064887196503702
1186.3353811324498 -1.003393259257165
1186.7263999110194 -1.0300160969655536
1187.1175444723935 -1.0333756117792672
1187.5088148165723 -0.9513440083875884
1187.9002109435557 -0.9112886237217783
1188.2917328533445 -0.9578794388083025
1188.6833805459378 -0.9443333336456161
1189.0751540213357 -0.9372800671977295
1189.4670532795385 -0.8551533947472364
1189.8590783205461 -0.9923845031701302
1190.2512291443584 -0.8927179281083895
1190.6435057509755 -0.8816755290867974
1191.0359081403974 -0.8742808673139747
1191.4284363126242 -0.9999262715972971
1191.8210902676558 -1.0309930167267898
1192.213870005492 -0.9793480627083214
1192.606775526133 -0.8629495371721116
1192.999806829579 -0.8074398435133736
1193.3929639158296 -0.8609999896954484
1193.786246784885 -0.9530197371417779
1194.1796554367452 -1.063329542831402
1194.57318987141 -0.9975932666816056
1194.96685008888 -0.7261937833007373
1195.3606360891545 -0.8572645180710872
1195.7545478722336 -0.9437461579962432
1196.1485854381176 -0.9930207065138197
1196.5427487868067 -0.8975959996481175
1196.9370379183003 -0.9426044533117391
1197.3314528325986 -0.9442181377771169
1197.7259935297018 -0.8737717245791192
1198.12066000961 -0.8838892542127167
1198.5154522723226 -0.8505851886779313
1198.9103703178403 -0.8492043356975117
1199.3054141461625 -0.8250102694019801
1199.7005837572897 -0.7995421837254357
1200.0958791512217 -0.7954849981432228
1200.4913003279582 -0.7777046772777941
1200.8868472874997 -0.7937021200780224
1201.282520029846 -0.8208340850394339
1201.678318554997 -0.8796982321113321
1202.0742428629528 -0.825744136794553
1202.4702929537134 -0.7773163906610013
1202.8664688272788 -0.7955852034496894
1203.2627704836489 -0.6332900258699992
1203.6591979228238 -0.7452096145646291
1204.0557511448037 -0.8345183549360373
1204.452430149588 -0.6597211528948355
1204.8492349371772 -0.7955535274820329
1205.2461655075713 -0.8386971684504603
1205.6432218607704 -0.9367415372681054
1206.0404039967739 -0.763454793627048
1206.4377119155822 -0.6425472523123805
1206.8351456171954 -0.8859606773554876
1207.2327051016134 -0.8456632138662369
1207.630390368836 -0.9093806736416664
1208.0282014188638 -0.8404792285168312
1208.426138251696 -0.7951881562138121
1208.824200867333 -0.893399932695683
1209.222389265775 -0.948427354618963
1209.6207034470217 -0.8294762792894509
1210.019143411073 -0.7937824183593284
1210.4177091579293 -0.7534377141506501
1210.8164006875902 -0.9105874409885849
1211.2152180000562 -0.8611422500468954
1211.6141610953266 -0.7858310135108924
1212.013229973402 -0.7261690145658799
1212.4124246342822 -0.8753616508200016
1212.811745077967 -0.8213584446432375
1213.2111913044566 -0.8086193779051551
1213.610763313751 -0.7953641915373353
1214.0104611058505 -0.8007774750351385
1214.4102846807546 -0.8711163510047435
1214.8102340384632 -0.9636871840526351
1215.2103091789768 -0.8820235566467579
1215.6105101022952 -0.843807808845699
1216.0108368084184 -0.7053221403754916
1216.4112892973462 -0.8072262448405251
1216.811867569079 -0.9129324997536363
1217.2125716236164 -0.906549653283984
1217.6134014609588 -0.8163701785725253
1218.0143570811058 -0.6303536656182136
1218.4154384840579 -0.7039680497453326
1218.8166456698143 -0.8540138561030954
1219.2179786383756 -0.87141737794272
1219.619437389742 -0.7997570109405922
1220.021021923913 -0.8612210869109352
1220.4227322408885 -0.8544182795946251
1220.8245683406692 -0.8303478803035621
1221.2265302232545 -0.7839103504210174
1221.6286178886446 -0.7800493813126114
1222.0308313368394 -0.7995737003016182
1222.4331705678392 -0.8315265200303228
1222.8356355816436 -0.7318834096648485
1223.2382263782526 -0.7773893700459866
1223.6409429576668 -0.8007046194603962
1224.0437853198855 -0.9276001040914613
1224.446753464909 -0.7596927685527256
1224.8498473927375 -0.7687904947999039
1225.2530671033705 -0.7215352336356492
1225.6564125968084 -0.7197313239000455
1226.0598838730511 -0.7809916816958183
1226.4634809320985 -0.7148073761762376
1226.867203773951 -0.6029360583872955
1227.271052398608 -0.5737192466910747
1227.6750268060696 -0.6741879927328291
1228.0791269963363 -0.5888397104377252
1228.4833529694079 -0.6983411966318285
1228.8877047252838 -0.5934667573834371
1229.2921822639646 -0.6754709951643623
1229.6967855854505 -0.6301091787912333
1230.1015146897412 -0.6876454998208236
1230.5063695768363 -0.5985498120682541
1230.9113502467362 -0.5912447150016157
1231.3164566994415 -0.5873012821369559
1231.7216889349509 -0.5936692547687229
1232.127046953265 -0.6685245309488398
1232.5325307543844 -0.7037025663328513
1232.9381403383086 -0.602885797556209
1233.3438757050371 -0.5215570417918972
1233.7497368545705 -0.5986506291397177
1234.155723786909 -0.579309278429234
1234.5618365020523 -0.6044392692878814
1234.968075 -0.48776659891390084
