string
description: 20210414_20210419_NiO_SiN_optical_density_high_gain
sample: NiO high gain reference: SiN high gain
eV optical density i.a.u.
667.8421009144573 0.23241410065152668
667.9918682734559 0.23178184134131352
668.1417614152596 0.2305530585058642
668.2917803398677 0.23174339691320714
668.4419250472808 0.22960509104122656
668.5921955374987 0.23258523296191064
668.7425918105214 0.23764036238319183
668.8931138663488 0.23267636982201367
669.043761704981 0.23071406760774074
669.194535326418 0.23438164228760522
669.3454347306597 0.23363567362066873
669.4964599177063 0.2307570256239868
669.6476108875576 0.23096768305145843
669.7988876402137 0.2303566971769742
669.9502901756746 0.22896303505306606
670.1018184939403 0.23029979861852198
670.2534725950107 0.23358563277818586
670.4052524788859 0.23599680303961282
670.5571581455661 0.23845872837315643
670.7091895950507 0.23682036953830088
670.8613468273404 0.23665480313436352
671.0136298424346 0.23614923864458617
671.1660386403339 0.23411098004636166
671.3185732210377 0.23238004828603126
671.4712335845464 0.23499085236696826
671.62401973086 0.2362168004256152
671.7769316599782 0.23422735345141132
671.9299693719013 0.23513776327633593
672.0831328666291 0.23475716316818476
672.2364221441618 0.235449475498488
672.389837204499 0.23621724326742014
672.5433780476413 0.2353583319361827
672.6970446735882 0.2332461862825532
672.8508370823399 0.23780150011306678
673.0047552738964 0.237533368355951
673.1587992482578 0.23892799945604462
673.312969005424 0.2417735148375281
673.4672645453948 0.2395621984822453
673.6216858681704 0.2396477978501846
673.7762329737508 0.23993864379777782
673.930905862136 0.2400316414464254
674.085704533326 0.23680362205922936
674.2406289873207 0.23672414717720278
674.3956792241203 0.23937441735328835
674.5508552437246 0.24172023573012055
674.7061570461337 0.24259636476343974
674.8615846313476 0.24144431378980824
675.0171379993664 0.24165256518619527
675.1728171501898 0.2441868013204681
675.328622083818 0.24355070380351337
675.484552800251 0.24094869359274468
675.6406092994888 0.24098247661706546
675.7967915815314 0.24018559683935436
675.9530996463787 0.23551446261863324
676.109533494031 0.24186817523841692
676.2660931244878 0.24743132162504344
676.4227785377495 0.24868803476758267
676.579589733816 0.24580038461867185
676.7365267126874 0.24445057745027815
676.8935894743632 0.24296055956632137
677.0507780188442 0.24383507632938767
677.2080923461298 0.24595314270527685
677.3655324562202 0.24282972039853287
677.5230983491153 0.24453758573158804
677.6807900248153 0.24481842077605934
677.8386074833201 0.24510847707701824
677.9965507246295 0.2438625789124006
678.1546197487439 0.2410375244266029
678.312814555663 0.24459606057212058
678.4711351453868 0.24285921809877842
678.6295815179154 0.2412741678508326
678.7881536732489 0.24196765309946192
678.9468516113872 0.24206505100933862
679.1056753323301 0.2424907976181926
679.2646248360779 0.24267809056725756
679.4237001226304 0.2385595796785558
679.5829011919877 0.23681795659613478
679.7422280441498 0.23919168599227633
679.9016806791168 0.23873068686345758
680.0612590968884 0.23821381287134097
680.2209632974649 0.23818384537888326
680.3807932808462 0.2380389343176952
680.5407490470321 0.2380477676352813
680.700830596023 0.23871373141629681
680.8610379278185 0.23937330334269438
681.0213710424189 0.24023881364123179
681.181829939824 0.24163587320291172
681.342414620034 0.2374931924451543
681.5031250830486 0.23777338357192537
681.6639613288681 0.23736512177909294
681.8249233574925 0.22980960755030277
681.9860111689214 0.22983157143813307
682.1472247631554 0.2358101246909049
682.3085641401939 0.2329333806731644
682.4700293000374 0.22828300080406827
682.6316202426855 0.231411582157238
682.7933369681385 0.23251707753089873
682.9551794763962 0.23069114237433766
683.1171477674587 0.22861813302783096
683.2792418413261 0.22900001319335037
683.4414616979981 0.22963463950291668
683.603807337475 0.22957738999433575
683.7662787597566 0.22841205822559954
683.9288759648431 0.231387499934159
684.0915989527342 0.22706247659475456
684.2544477234303 0.22525400506187426
684.417422276931 0.22587744760555015
684.5805226132366 0.2286625544520882
684.743748732347 0.22977774153576497
684.9071006342621 0.22791084277742274
685.070578318982 0.22911691077365706
685.2341817865066 0.22864755126459047
685.3979110368361 0.2256385117671493
685.5617660699703 0.22443543092775567
685.7257468859094 0.22491901325574828
685.8898534846531 0.22460019642286416
686.0540858662017 0.22459536326409213
686.218444030555 0.22492645507557807
686.3829279777133 0.22534203008651274
686.5475377076763 0.22521238131241014
686.7122732204439 0.22189740355747783
686.8771345160164 0.22274308737531012
687.0421215943936 0.22311653571492093
687.2072344555758 0.22189556540983002
687.3724730995625 0.22261870033752476
687.5378375263542 0.22119205716826154
687.7033277359506 0.21996097900107792
687.8689437283517 0.22388377270975982
688.0346855035577 0.22136646952797934
688.2005530615685 0.22189168789163363
688.3665464023841 0.22561692220112342
688.5326655260043 0.226892202886481
688.6989104324294 0.22321199270606834
688.8652811216592 0.22304871944965443
689.031777593694 0.22028003318217462
689.1983998485333 0.22101206078825236
689.3651478861775 0.22401920364221736
689.5320217066266 0.2234785186458002
689.6990213098803 0.22053709525652526
689.8661466959389 0.22273965723068764
690.0333978648022 0.22277892433361762
690.2007748164704 0.2226437160027758
690.3682775509432 0.224731553618646
690.5359060682209 0.224553700522454
690.7036603683033 0.22848454441789887
690.8715404511906 0.2253999106879522
691.0395463168827 0.22332988943277207
691.2076779653794 0.2209141069987598
691.375935396681 0.2193711048961288
691.5443186107874 0.22113020496938005
691.7128276076986 0.22252320565050293
691.8814623874144 0.22196071312297447
692.0502229499352 0.2217222284675934
692.2191092952606 0.22282940575448784
692.388121423391 0.2224896695611409
692.5572593343261 0.22216770681403597
692.7265230280659 0.2215669815661904
692.8959125046106 0.2188616302124886
693.0654277639599 0.21842803978801054
693.2350688061141 0.21666026610464775
693.4048356310731 0.2178451224770976
693.5747282388368 0.21616816186337567
693.7447466294053 0.2152479572685856
693.9148908027786 0.21524871912535606
694.0851607589568 0.21497500789680943
694.2555564979396 0.21479175584820406
694.4260780197272 0.21916399617365415
694.5967253243197 0.21737473374589916
694.7674984117169 0.21546342003276067
694.9383972819188 0.21299397122496183
695.1094219349256 0.21313750491276015
695.2805723707372 0.21255768346494164
695.4518485893536 0.20987784002099819
695.6232505907748 0.21133362122433114
695.7947783750006 0.21214328188468753
695.9664319420314 0.21141272994165405
696.1382112918667 0.21116862615295454
696.310116424507 0.21107714009230205
696.482147339952 0.21216588578582096
696.6543040382019 0.21344125348519336
696.8265865192564 0.20998406065056813
696.9989947831158 0.20497236427351476
697.1715288297801 0.2039298110349183
697.3441886592489 0.20228632097666388
697.5169742715227 0.20388535387949536
697.6898856666011 0.2021182148156336
697.8629228444844 0.2053890659905223
698.0360858051724 0.20604838358830604
698.2093745486653 0.20118085042804967
698.3827890749628 0.19868994557385344
698.5563293840653 0.1987070002008656
698.7299954759726 0.20022291522034344
698.9037873506845 0.199563961996174
699.0777050082013 0.1991170173395207
699.2517484485228 0.19753007991554936
699.4259176716491 0.19502433190870938
699.6002126775801 0.1964868875014882
699.774633466316 0.19607735675741517
699.9491800378566 0.19544387185461315
700.1238523922021 0.1973523024477998
700.2986505293522 0.19709847956123538
700.4735744493073 0.19614052722502157
700.6486241520672 0.19395678526119306
700.8237996376316 0.19250107338771955
700.9991009060011 0.1888658936925273
701.1745279571751 0.1868133147607838
701.3500807911541 0.1880746749905723
701.5257594079377 0.18916684841428177
701.7015638075262 0.18642714222955786
701.8774939899196 0.18711641152674638
702.0535499551175 0.1891135071316769
702.2297317031204 0.1883916219107945
702.4060392339279 0.18777590361872812
702.5824725475403 0.18332422016251193
702.7590316439574 0.1834389690286363
702.9357165231794 0.18157049250536503
703.1125271852061 0.18226259113791327
703.2894636300376 0.18373195046205335
703.4665258576738 0.182360731043469
703.6437138681149 0.18250610575194895
703.8210276613609 0.18005906381715575
703.9984672374114 0.18001729223585763
704.1760325962669 0.17898332062456757
704.353723737927 0.17828923595210389
704.531540662392 0.17976514807477212
704.7094833696617 0.1814734942979129
704.8875518597363 0.1833831341515288
705.0657461326156 0.18156867572055707
705.2440661882997 0.1788724438073941
705.4225120267886 0.17951345607123206
705.6010836480822 0.17670631565968134
705.7797810521807 0.17204767729787376
705.9586042390839 0.17549580912993973
706.1375532087919 0.17566045074398448
706.3166279613047 0.17494226195585869
706.4958284966223 0.1762759653342976
706.6751548147446 0.1774141683527197
706.8546069156718 0.17611795525158763
707.0341847994036 0.17650983358107752
707.2138884659403 0.17424550806049488
707.3937179152819 0.1745412983346185
707.573673147428 0.17524279008025653
707.7537541623791 0.17394455845113582
707.9339609601349 0.17625966023013778
708.1142935406955 0.17896411203050488
708.2947519040608 0.1757742893645843
708.475336050231 0.1754156560416066
708.656045979206 0.17797113686162602
708.8368816909857 0.17282710614076818
709.0178431855702 0.1701115104531049
709.1989304629594 0.17358672322811555
709.3801435231536 0.17119539265198924
709.5614823661524 0.1733271302903993
709.742946991956 0.17356013999271327
709.9245374005644 0.1761405983160114
710.1062535919776 0.1735912384432909
710.2880955661957 0.17154030000589657
710.4700633232184 0.1689392576833012
710.6521568630459 0.17097116887963823
710.8343761856781 0.17342440097766917
711.0167212911153 0.17368814073166117
711.1991921793572 0.17299551527474466
711.3817888504038 0.17134579486636317
711.5645113042552 0.16880888440144795
711.7473595409115 0.16995763800922414
711.9303335603724 0.16930849166785117
712.1134333626383 0.17013705243952784
712.2966589477089 0.1690504917961711
712.4800103155842 0.16569764404194498
712.6634874662644 0.16406746087229881
712.8470903997493 0.16308858688566577
713.030819116039 0.16331221319907388
713.2146736151334 0.16376975273512334
713.3986538970327 0.16203958956819664
713.5827599617368 0.1609138290382879
713.7669918092455 0.16382172664054417
713.9513494395592 0.16576487434321704
714.1358328526775 0.16550755790880417
714.3204420486007 0.16249064127628485
714.5051770273286 0.16249963689107044
714.6900377888613 0.1612118811931468
714.8750243331988 0.15850425628608186
715.0601366603412 0.1605077874825132
715.2453747702882 0.16272808838557076
715.4307386630401 0.1635316437488619
715.6162283385968 0.1600001457195332
715.8018437969581 0.1584327865450515
715.9875850381244 0.1592251159790495
716.1734520620953 0.1607728934468123
716.359444868871 0.15998584304005972
716.5455634584515 0.15782149528743494
716.7318078308369 0.15640148154074235
716.9181779860271 0.15628779120061248
717.1046739240219 0.15493362252961748
717.2912956448216 0.15519846059355105
717.478043148426 0.15403214494776554
717.6649164348353 0.15361389467742081
717.8519155040492 0.15597223328020238
718.0390403560681 0.1549638722669053
718.2262909908916 0.154472069711141
718.4136674085199 0.15302055082390215
718.601169608953 0.15081506473181464
718.788797592191 0.1514408543145228
718.9765513582338 0.15098815296709614
719.1644309070812 0.1475975162842187
719.3524362387335 0.1463923864217085
719.5405673531905 0.14600970520659085
719.7288242504524 0.1464862758507702
719.9172069305189 0.14792986593612975
720.1057153933903 0.14499988891828122
720.2943496390664 0.14210665707300874
720.4831096675474 0.14100344079727803
720.6719954788332 0.14044795108832958
720.8610070729236 0.1424514872160872
721.050144449819 0.14431128374415084
721.2394076095189 0.14493264317608823
721.4287965520239 0.14141002890829962
721.6183112773334 0.14074456808915609
721.8079517854479 0.13937959255992025
721.997718076367 0.13820177856565127
722.1876101500911 0.14042219068160663
722.37762800662 0.1426541731950167
722.5677716459534 0.13891263456271483
722.7580410680918 0.14127545354842255
722.9484362730348 0.14039645832824146
723.1389572607827 0.13850329595854002
723.3296040313353 0.13654354980222197
723.5203765846928 0.13884261791876357
723.711274920855 0.13488765044660456
723.9022990398221 0.1381171893825309
724.0934489415939 0.13615078482300008
724.2847246261704 0.13792643585761272
724.4761260935518 0.137705507013451
724.6676533437379 0.13610415368762227
724.8593063767288 0.1369571397134724
725.0510851925245 0.13488850640275918
725.2429897911251 0.13565060433380893
725.4350201725302 0.13549808512164224
725.6271763367403 0.13488700028740105
725.8194582837552 0.1338794393076819
726.0118660135747 0.1327203535337606
726.2043995261992 0.13253678287090015
726.3970588216283 0.13517710848600423
726.5898438998622 0.13558099301112603
726.782754760901 0.1333904284963639
726.9757914047445 0.13125271147367687
727.1689538313927 0.1302137720947209
727.3622420408459 0.1290555877861611
727.5556560331037 0.13040766914543767
727.7491958081663 0.13099919606381283
727.9428613660339 0.13176008219127922
728.136652706706 0.13208341938383908
728.330569830183 0.13454808380946884
728.5246127364646 0.13536389414092492
728.7187814255512 0.13084456313505674
728.9130758974426 0.13034294002997276
729.1074961521387 0.13107027325769946
729.3020421896397 0.13253701751156133
729.4967140099452 0.12864442188375033
729.6915116130557 0.12808291176912714
729.8864349989709 0.13213097821669234
730.081484167691 0.1323743314203522
730.2766591192158 0.1318712507987437
730.4719598535453 0.13187809728709762
730.6673863706797 0.13073101055402822
730.8629386706189 0.13149749220092505
731.0586167533627 0.13030289622336422
731.2544206189115 0.13254591441301078
731.450350267265 0.13224380357886725
731.6464056984231 0.12891733390186483
731.8425869123863 0.13030687350553025
732.038893909154 0.1314828879593347
732.2353266887267 0.13091660147629175
732.4318852511041 0.12904576336810558
732.6285695962862 0.12700818408663556
732.8253797242733 0.1266130319973875
733.022315635065 0.12761014501404994
733.2193773286615 0.1273162257318141
733.4165648050628 0.1289975088363344
733.6138780642689 0.12925487682108133
733.8113171062796 0.12819680598772418
734.0088819310953 0.12684694233032007
734.2065725387157 0.12696272107038634
734.404388929141 0.12575174088553753
734.6023311023708 0.12803775440515744
734.8003990584057 0.127150980572668
734.9985927972452 0.12914545007404335
735.1969123188895 0.1289158839927377
735.3953576233387 0.12767527786104205
735.5939287105925 0.12717703945627792
735.7926255806512 0.1271815084648539
735.9914482335147 0.12571315548212392
736.190396669183 0.12614608763345014
736.3894708876559 0.12546935185358768
736.5886708889337 0.12228170321257333
736.7879966730163 0.12187381940458498
736.9874482399036 0.12301162071602961
737.1870255895958 0.12251744615930615
737.3867287220927 0.12402719826089109
737.5865576373944 0.12354696570555687
737.7865123355009 0.12097987421907806
737.9865928164122 0.1209661325868482
738.1867990801281 0.12148990567255968
738.387131126649 0.12354002664213438
738.5875889559748 0.12054925407107342
738.7881725681051 0.11914871553016512
738.9888819630403 0.11931651283602857
739.1897171407802 0.122015953976951
739.390678101325 0.12218132772685596
739.5917648446745 0.11914258162242582
739.7929773708288 0.11917592417726092
739.9943156797877 0.11957695573851042
740.1957797715517 0.11851762806662156
740.3973696461204 0.1160314272089926
740.5990853034938 0.11588315577854436
740.800926743672 0.11870337964675959
741.0028939666549 0.12134154615729605
741.2049869724427 0.11924717567215078
741.4072057610352 0.11402853618642608
741.6095503324326 0.11334829386141806
741.8120206866347 0.11505382194532546
742.0146168236416 0.11394974897642697
742.2173387434533 0.11292950855272349
742.4201864460697 0.11260674294774031
742.623159931491 0.11546891566751283
742.826259199717 0.11505765023384848
743.0294842507478 0.11208049260369518
743.2328350845834 0.11082734308825325
743.4363117012238 0.10956603126543775
743.6399141006689 0.11148545630216411
743.8436422829188 0.11394333481136892
744.0474962479734 0.11607091575288667
744.2514759958331 0.11397112714239595
744.4555815264973 0.11397987993879646
744.6598128399663 0.11345580576737513
744.8641699362402 0.11167418571455245
745.0686528153187 0.10936270417337104
745.2732614772021 0.1057816137005756
745.4779959218903 0.10471350883728128
745.6828561493833 0.10888631560089827
745.8878421596811 0.10902397724087384
746.0929539527835 0.10633082698574517
746.298191528691 0.10764919952098609
746.503554887403 0.10789736945665793
746.7090440289198 0.10755309839205607
746.9146589532414 0.10703874676524162
747.1203996603679 0.10710445380928463
747.326266150299 0.10753128818895795
747.532258423035 0.10796854966063622
747.7383764785758 0.10887398784653114
747.9446203169214 0.10751311886744398
748.1509899380718 0.10657859128935207
748.3574853420268 0.10767357582993686
748.5641065287869 0.10716355836677698
748.7708534983515 0.10439963910217018
748.9777262507209 0.1015343884812423
749.1847247858951 0.10204032892800342
749.3918491038742 0.10448222730720035
749.599099204658 0.1067190895645264
749.8064750882465 0.10596587130482579
750.01397675464 0.10760600174246708
750.2216042038381 0.10538407884967069
750.429357435841 0.1031508851515254
750.6372364506486 0.10426001889278809
750.8452412482612 0.10441539786761084
751.0533718286785 0.10645299864581738
751.2616281919005 0.10440585194793846
751.4700103379273 0.10120413486943948
751.6785182667589 0.1019115252513759
751.8871519783954 0.10172509238793005
752.0959114728365 0.0997740474150274
752.3047967500826 0.09944514925128119
752.5138078101332 0.09993906793962316
752.7229446529888 0.09658378412683748
752.932207278649 0.0970492806663092
753.1415956871142 0.09733906168985793
753.3511098783841 0.09513324799530558
753.5607498524587 0.09742868477907062
753.7705156093381 0.09919314791538135
753.9804071490223 0.09498481750108728
754.1904244715114 0.09486018559366478
754.4005675768051 0.096414231159533
754.6108364649036 0.09726749679628806
754.8212311358069 0.09670351975579536
755.0317515895151 0.09299738526602082
755.242397826028 0.09046265769198769
755.4531698453457 0.09385542486373621
755.6640676474682 0.09296261477861376
755.8750912323953 0.08995284506076118
756.0862406001274 0.09111864802180585
756.2975157506642 0.09674500519693903
756.5089166840058 0.09455952681219018
756.7204434001521 0.09081906360709366
756.9320958991034 0.09038627733029908
757.1438741808593 0.09173593413271383
757.35577824542 0.0939305947377609
757.5678080927854 0.09300703638232488
757.7799637229557 0.09029883404346044
757.9922451359308 0.08938093654370037
758.2046523317106 0.0907711594889496
758.4171853102953 0.09160994163768288
758.6298440716846 0.09100807652520891
758.8426286158789 0.09048338199561677
759.0555389428778 0.09128336665112065
759.2685750526815 0.08733734595938092
759.4817369452901 0.08671602905764977
759.6950246207034 0.08875214140200924
759.9084380789216 0.08850457709904717
760.1219773199443 0.08827619414116002
760.3356423437721 0.08929375844421669
760.5494331504044 0.09034107754382772
760.7633497398417 0.09002483910400916
760.9773921120837 0.09144852806425863
761.1915602671304 0.09036945987730019
761.4058542049819 0.08804302620503483
761.6202739256383 0.08688773862575601
761.8348194290995 0.0873555081090593
762.0494907153653 0.08752701107280686
762.2642877844361 0.08751023471813087
762.4792106363114 0.08626011980193313
762.6942592709918 0.08783127034837573
762.9094336884767 0.08718286897456076
763.1247338887665 0.08507009103455962
763.3401598718613 0.08667359873620321
763.5557116377605 0.08520461739572989
763.7713891864647 0.08470951535396
763.9871925179735 0.08569545181453751
764.2031216322873 0.08646237981401683
764.4191765294058 0.08657854542915396
764.6353572093291 0.08641573679249472
764.8516636720572 0.08307628960460346
765.06809591759 0.08443334487134965
765.2846539459276 0.08691003501499739
765.50133775707 0.08533424435511928
765.7181473510173 0.0850230560037002
765.9350827277692 0.087497238502671
766.152143887326 0.0847312730652213
766.3693308296874 0.08700751835107334
766.5866435548538 0.08716123099581942
766.8040820628248 0.0872764021146256
767.0216463536008 0.08819134665401719
767.2393364271815 0.0880418470698921
767.4571522835669 0.08877242812489552
767.6750939227571 0.08504018199452948
767.893161344752 0.08331865425754792
768.1113545495518 0.0842229259620344
768.3296735371564 0.08527473234514527
768.5481183075658 0.08466082366181775
768.7666888607798 0.08440390945507861
768.9853851967988 0.08418929253461335
769.2042073156224 0.0824971732030456
769.423155217251 0.08188407635664735
769.6422289016842 0.082381499074427
769.8614283689221 0.08220025188462142
770.080753618965 0.08228412131734862
770.3002046518126 0.07955882892529788
770.519781467465 0.07925126631088958
770.739484065922 0.07883690848240187
770.9593124471841 0.08178793535535318
771.1792666112508 0.08198154948583415
771.3993465581223 0.08450347131308213
771.6195522877985 0.08106814658030517
771.8398838002796 0.07999214453117703
772.0603410955655 0.07753825496868673
772.2809241736561 0.07662752381374266
772.5016330345516 0.07792082736764414
772.7224676782516 0.07845349366528102
772.9434281047567 0.07928955288764315
773.1645143140663 0.07984432294138577
773.3857263061809 0.08024247244283901
773.6070640811002 0.08051920173702606
773.8285276388243 0.0768579882913102
774.0501169793532 0.07496124102565307
774.2718321026869 0.07367946705154557
774.4936730088253 0.07321383226678337
774.7156396977684 0.07199153552373216
774.9377321695165 0.07379009454105379
775.1599504240693 0.07335673337748479
775.3822944614269 0.07319205395142264
775.6047642815892 0.07236031256530422
775.8273598845564 0.07237455423251934
776.0500812703283 0.07151251286697921
776.272928438905 0.07286635332047538
776.4959013902865 0.07296200401857651
776.7190001244726 0.07397681309544396
776.9422246414637 0.07064176885929355
777.1655749412595 0.07138817105872493
777.3890510238601 0.06685012163538913
777.6126528892655 0.07015085975100398
777.8363805374756 0.07573665920369362
778.0602339684905 0.07038836954234018
778.2842131823103 0.07083473764311149
778.5083181789348 0.07031448166843281
778.7325489583641 0.07081561522845876
778.9569055205982 0.07187745929229848
779.1813878656369 0.0695270335874164
779.4059959934807 0.07058239511756689
779.630729904129 0.06805909509900027
779.8555895975823 0.06948591315030822
780.0805750738402 0.07019303259493732
780.305686332903 0.0675975870231534
780.5309233747705 0.06826476882911384
780.7562861994428 0.0680940198530724
780.9817748069199 0.06816141436132038
781.2073891972018 0.06904887558935763
781.4331293702885 0.07051789388622619
781.6589953261798 0.06872911187036988
781.8849870648761 0.06854923038727094
782.1111045863771 0.06829013509262424
782.3373478906828 0.06620410372048172
782.5637169777935 0.06619907877784391
782.7902118477087 0.06636477507796017
783.016832500429 0.06691866846431836
783.2435789359538 0.06592909953232728
783.4704511542835 0.06706315291640258
783.697449155418 0.06899723316407551
783.9245729393573 0.06585242672032454
784.1518225061013 0.06756157502748351
784.3791978556501 0.06559341929033634
784.6066989880038 0.06313005316654084
784.834325903162 0.06018092533191468
785.0620786011253 0.06124233675952466
785.2899570818931 0.06218453190431565
785.5179613454659 0.06210693719593604
785.7460913918435 0.06090710208370999
785.9743472210257 0.06023810934065191
786.2027288330128 0.06100050595496011
786.4312362278047 0.05750182589574667
786.6598694054013 0.05895225686981208
786.8886283658027 0.06147287488481287
787.1175131090089 0.060396105033986604
787.3465236350198 0.058487682999716094
787.5756599438356 0.0577837554547573
787.8049220354561 0.05909062187448443
788.0343099098815 0.06145153176060421
788.2638235671116 0.0581330392258478
788.4934630071465 0.05910711229452858
788.7232282299861 0.05895334162159578
788.9531192356305 0.05480793826368991
789.1831360240798 0.054538501827285854
789.4132785953337 0.05347273474373786
789.6435469493925 0.05421512494784078
789.8739410862561 0.054169308317170574
790.1044610059245 0.05560196310636215
790.3351067083977 0.05711119152162175
790.5658781936755 0.05432239006668403
790.7967754617582 0.05289071786535825
791.0277985126456 0.05364872328495957
791.258947346338 0.05115718661275761
791.490221962835 0.05130802918422592
791.7216223621368 0.05145154411822551
791.9531485442434 0.05030217310771326
792.1848005091548 0.049275211250675
792.416578256871 0.04882661907440215
792.6484817873919 0.048575472237384926
792.8805111007177 0.0490799693490001
793.1126661968482 0.04998880123012221
793.3449470757835 0.048403637083757285
793.5773537375235 0.04675570469265474
793.8098861820683 0.0478501309802979
794.042544409418 0.04786108545429871
794.2753284195724 0.04736776368519206
794.5082382125315 0.045426080776780065
794.7412737882955 0.044690240430187475
794.9744351468644 0.04241839483102665
795.2077222882378 0.044677161093548225
795.4411352124163 0.04354457157720954
795.6746739193993 0.04432674589074223
795.9083384091872 0.04767699039270046
796.1421286817798 0.04994978881304611
796.3760447371773 0.04776434901497404
796.6100865753796 0.04679610975225142
796.8442541963865 0.041986218062806065
797.0785476001984 0.03966667645807067
797.3129667868149 0.03934698471367341
797.5475117562363 0.03777952738332216
797.7821825084624 0.040477412926101256
798.0169790434933 0.0438250522848194
798.2519013613289 0.042971950038743253
798.4869494619695 0.04101201590425382
798.7221233454148 0.042047719934321354
798.9574230116648 0.03913114596708092
799.1928484607197 0.0398543623872633
799.4283996925792 0.0386336480002361
799.6640767072437 0.038552919095270345
799.8998795047128 0.03592802970454464
800.1358080849867 0.035130148086339734
800.3718624480654 0.03567837034127015
800.608042593949 0.03524701917562672
800.8443485226373 0.03400865947306252
801.0807802341303 0.032150161436874755
801.3173377284282 0.032159496609583005
801.5540210055308 0.03300287647686758
801.7908300654383 0.03166046943385468
802.0277649081504 0.0324351799493652
802.2648255336675 0.03238789917354942
802.5020119419893 0.0285278681852103
802.7393241331157 0.029724339780678174
802.976762107047 0.03075516665737814
803.2143258637832 0.02936158184613466
803.4520154033241 0.028060562800711158
803.6898307256697 0.025153209142843205
803.9277718308201 0.025899310059576502
804.1658387187754 0.02727740259730932
804.4040313895355 0.025632069224428147
804.6423498431002 0.023994716664417007
804.8807940794698 0.02602235883222167
805.1193640986442 0.024772656189287354
805.3580599006233 0.026665916857573694
805.5968814854073 0.025219229705295113
805.8358288529959 0.022464321737468863
806.0749020033894 0.020495733351452765
806.3141009365876 0.020515953026065046
806.5534256525907 0.022430420626161237
806.7928761513984 0.022112102683878698
807.0324524330111 0.02106268772723094
807.2721544974285 0.018782449864216816
807.5119823446506 0.019201282801333864
807.7519359746776 0.01935354025944368
807.9920153875094 0.020050159470634724
808.2322205831459 0.019163778261929852
808.4725515615871 0.01707524013161363
808.7130083228333 0.013597468540237334
808.953590866884 0.01454032566120994
809.1942991937398 0.015066350459610373
809.4351333034002 0.012080871857066824
809.6760931958653 0.012445131611142407
809.9171788711352 0.013496542227683213
810.1583903292101 0.010921763287750004
810.3997275700897 0.012158874540367773
810.6411905937739 0.01237238494128992
810.8827794002631 0.014552831774185164
811.1244939895569 0.012627688778388428
811.3663343616556 0.01656333864426343
811.608300516559 0.013572924910495632
811.8503924542673 0.012131875668444906
812.0926101747804 0.011609626026866639
812.3349536780981 0.008965959663386378
812.5774229642208 0.008265302115291886
812.820018033148 0.010093489833861203
813.0627388848802 0.009081322027902782
813.305585519417 0.0070495473990671974
813.5485579367588 0.012106085839636118
813.7916561369052 0.010593669007596219
814.0348801198566 0.008558983940301664
814.2782298856125 0.010514293341563643
814.5217054341734 0.01006092014000675
814.7653067655391 0.006174052233944533
815.0090338797095 0.005948017975855252
815.2528867766846 0.007358040942790168
815.4968654564645 0.006088272810833648
815.7409699190493 0.003742165063802256
815.9852001644388 0.0007001716592072072
816.2295561926331 0.003007030469156258
816.4740380036322 0.004852459372176569
816.7186455974361 0.005552367957145815
816.9633789740448 0.004457006607596127
817.208238133458 0.0015695259748738084
817.4532230756763 0.0015376392562967173
817.6983338006993 0.0045432209721569935
817.9435703085271 0.002675795727904483
818.1889325991596 0.005889804128234939
818.434420672597 0.0035516481464265503
818.680034528839 0.002632761856008033
818.925774167886 0.0014228599912597954
819.1716395897377 -0.0005199426449318336
819.4176307943941 -0.0005005347515365773
819.6637477818554 0.0015754372299476395
819.9099905521214 0.00040560441864329153
820.1563591051922 -0.00017421054028718714
820.4028534410677 0.00201429758136878
820.6494735597481 -0.0011975275847602735
820.8962194612333 -0.0012533592860224326
821.1430911455232 0.001966877033869484
821.3900886126178 0.0016371435464109633
821.6372118625173 -0.0008041153337493273
821.8844608952217 0.0003608382196058584
822.1318357107307 -0.0013733858083306693
822.3793363090446 -0.005714988666956447
822.626962690163 -0.0015764269656387356
822.8747148540865 -0.0034236795933290476
823.1225928008146 -0.0068730720018654245
823.3705965303476 -0.005343605427634035
823.6187260426855 -0.004525656979280016
823.8669813378278 -0.003789167589617611
824.1153624157753 -0.0020262951592069788
824.3638692765272 0.0010370242657488796
824.6125019200841 -0.0013114808455073357
824.8612603464458 -0.0030330002265488085
825.1101445556122 -0.00505366714701644
825.3591545475833 -0.00253004885808785
825.6082903223594 -0.0013219638437678575
825.8575518799403 -0.0030766854558085645
826.1069392203257 -0.002272516945102845
826.3564523435161 -0.0034159625406427687
826.6060912495111 -0.006001512664624072
826.8558559383112 -0.01011495489080399
827.1057464099157 -0.004863886915853803
827.3557626643252 -0.005073172619717116
827.6059047015394 -0.008298356258496153
827.8561725215585 -0.009715612155566055
828.1065661243823 -0.007568554079731187
828.3570855100108 -0.006710303882331152
828.6077306784442 -0.006385276197022018
828.8585016296823 -0.0032201758050047664
829.1093983637253 -0.004477358091042976
829.360420880573 -0.007096554116323693
829.6115691802255 -0.008490048124868414
829.8628432626829 -0.005818806234483061
830.1142431279449 -0.0031116863663458883
830.3657687760116 -0.003910025100380268
830.6174202068833 -0.008203507079371182
830.8691974205597 -0.01179169628142767
831.1211004170408 -0.008591737376291443
831.3731291963268 -0.007403193380596209
831.6252837584175 -0.007815571077307161
831.877564103313 -0.010626179795641691
832.1299702310133 -0.012814855106367443
832.3825021415184 -0.012902198498502883
832.6351598348284 -0.009547441312853474
832.887943310943 -0.01199136575662512
833.1408525698624 -0.011433558826259531
833.3938876115866 -0.010309932125085611
833.6470484361156 -0.01124465170231271
833.9003350434493 -0.013240243938009481
834.1537474335879 -0.012266639026318086
834.4072856065312 -0.012673829829640812
834.6609495622794 -0.015049626710190337
834.9147393008324 -0.015361033751739984
835.16865482219 -0.014434289991594245
835.4226961263524 -0.015304675662647163
835.6768632133196 -0.014916449839213218
835.9311560830918 -0.013775098089664463
836.1855747356684 -0.014395655179109646
836.44011917105 -0.016958887326322683
836.6947893892363 -0.01644281609339948
836.9495853902276 -0.016410574420978513
837.2045071740235 -0.01652349095827315
837.4595547406242 -0.01587133578936597
837.7147280900298 -0.017854144105889425
837.97002722224 -0.01735916140824088
838.225452137255 -0.020726631789718616
838.4810028350748 -0.019470804125083802
838.7366793156995 -0.017996295148606564
838.9924815791289 -0.015866189222795545
839.2484096253631 -0.01589907326735638
839.504463454402 -0.01755027186829629
839.7606430662457 -0.01687774140641193
840.0169484608944 -0.0208761074889318
840.2733796383476 -0.0200696764879222
840.5299365986057 -0.019647013226349746
840.7866193416685 -0.02009493088457629
841.0434278675363 -0.020343047222908424
841.3003621762086 -0.020190379282896985
841.5574222676859 -0.01772463695365386
841.8146081419679 -0.018825387481818917
842.0719197990546 -0.02100088739615795
842.3293572389462 -0.020575745030497614
842.5869204616425 -0.020580517731011994
842.8446094671436 -0.02324218005591066
843.1024242554495 -0.025947767089832825
843.3603648265603 -0.024773717064267807
843.6184311804757 -0.024081856956463057
843.8766233171959 -0.02276225296411427
844.1349412367209 -0.021422019442683994
844.3933849390507 -0.022469427343402775
844.6519544241854 -0.021439013080008455
844.9106496921247 -0.021502758584977123
845.169470742869 -0.023886990911792683
845.4284175764178 -0.023566776854272255
845.6874901927715 -0.02281806464648177
845.94668859193 -0.018582081741587913
846.2060127738933 -0.017962829867892317
846.4654627386615 -0.019593215767702465
846.7250384862342 -0.019610730110134027
846.9847400166118 -0.02187924188699369
847.2445673297942 -0.01809757280174158
847.5045204257815 -0.01971931422713292
847.7645993045734 -0.019325438648506305
848.0248039661701 -0.018821426417115324
848.2851344105717 -0.01868461001052131
848.545590637778 -0.019576011810509105
848.806172647789 -0.014737070434061523
849.0668804406049 -0.011993063556439537
849.3277140162256 -0.012813384522444196
849.588673374651 -0.008715272451261226
849.8497585158811 -0.0025246726901421756
850.1109694399162 -0.004147574679666497
850.372306146756 -0.001981445003083027
850.6337686364005 0.0031690711086129826
850.8953569088499 0.009565899080440681
851.157070964104 0.01640478941842906
851.4189108021629 0.026774558305672925
851.6808764230266 0.039593457753282234
851.942967826695 0.06231095108419599
852.2051850131684 0.08720607532402345
852.4675279824463 0.12482392517047516
852.7299967345292 0.18014073146702675
852.9925912694167 0.25102976996654086
853.2553115871092 0.34972687036245714
853.5181576876063 0.4785798301854326
853.7811295709082 0.6511089386472857
854.044227237015 0.8650118954813343
854.3074506859264 1.1288964323122874
854.5707999176427 1.428675757855416
854.8342749321637 1.7245124632279696
855.0978757294896 1.9502327432968194
855.3616023096201 2.046699655237163
855.6254546725556 1.98605374470142
855.8894328182959 1.8331493247828177
856.1535367468408 1.6524719629664903
856.4177664581905 1.4808573822753999
856.682121952345 1.3293123316940096
856.9466032293044 1.196228841557784
857.2112102890684 1.069754453801938
857.4759431316373 0.9436423406066409
857.740801757011 0.8281195867453286
858.0057861651894 0.7235738986150622
858.2708963561726 0.6300775998401226
858.5361323299607 0.5458078507063157
858.8014940865535 0.4733539968117125
859.066981625951 0.40788015747132605
859.3325949481533 0.3578138388121753
859.5983340531604 0.31316805729135483
859.8641989409724 0.2777616759519285
860.130189611589 0.25090335484546367
860.3963060650105 0.2301897220613501
860.6625483012368 0.2148208196687579
860.9289163202678 0.20297119615278292
861.1954101221036 0.18903608197426924
861.4620297067441 0.17803745179207883
861.7287750741897 0.16507101525587675
861.9956462244397 0.1520526500656389
862.2626431574947 0.13748504077638268
862.5297658733543 0.12611672160130163
862.7970143720189 0.1184808110897193
863.0643886534881 0.1160422174540492
863.3318887177622 0.11372440606219524
863.5995145648411 0.11000348006891375
863.8672661947247 0.10959255818105988
864.1351436074132 0.11425043657538826
864.4031468029063 0.11911402805384425
864.6712757812044 0.12044155189334205
864.939530542307 0.12502003898169634
865.2079110862146 0.12757385804678928
865.4764174129268 0.13528830671859451
865.745049522444 0.14513532552353198
866.0138074147658 0.15209068341659587
866.2826910898925 0.16205999237246962
866.551700547824 0.17545772135223384
866.8208357885602 0.1892033046695736
867.0900968121013 0.20337275898191268
867.3594836184469 0.2234014094278014
867.6289962075975 0.24351738719969385
867.8986345795529 0.26147423294719413
868.168398734313 0.2762289539621871
868.438288671878 0.2939582936202011
868.7083043922476 0.3110312359626241
868.978445895422 0.3243300989073608
869.2487131814013 0.3355746306336739
869.5191062501854 0.342107137732298
869.7896251017742 0.35349391033251665
870.0602697361678 0.3661084307791537
870.3310401533661 0.3911457197372926
870.6019363533693 0.42393334189015325
870.8729583361772 0.4681277303136914
871.1441061017899 0.531289383226295
871.4153796502076 0.6105620060724547
871.6867789814298 0.710473881465805
871.9583040954569 0.8319627654020009
872.2299549922886 0.9649513741425083
872.5017316719253 1.093257626411693
872.7736341343667 1.2024025068078619
873.045662379613 1.25757742718489
873.3178164076638 1.264077208053973
873.5900962185196 1.2305093923114168
873.8625018121801 1.1658312778645576
874.1350331886455 1.088128240897692
874.4076903479156 0.9945833991615054
874.6804732899905 0.8972016599092021
874.9533820148702 0.8072501926507526
875.2264165225546 0.7262735299618635
875.4995768130439 0.6641769275433175
875.7728628863377 0.6187144144819915
876.0462747424366 0.5857771246890217
876.3198123813402 0.5557909073573135
876.5934758030485 0.5358638138596973
876.8672650075616 0.5239450351893535
877.1411799948795 0.509995472921624
877.4152207650022 0.5008155755837796
877.6893873179297 0.49609913962974694
877.963679653662 0.49282150666508523
878.2380977721991 0.4870712140218273
878.5126416735409 0.48330160479285345
878.7873113576874 0.4828945547516022
879.0621068246388 0.48366390527782566
879.337028074395 0.4834935695902754
879.6120751069559 0.48720566107545127
879.8872479223216 0.4877528950219155
880.1625465204921 0.492793433087687
880.4379709014675 0.4948737866359794
880.7135210652475 0.49998836118819046
880.9891970118324 0.5067238167743848
881.264998741222 0.5157745541449125
881.5409262534164 0.5207626367331563
881.8169795484155 0.5288730768831164
882.0931586262195 0.5348293943737398
882.3694634868284 0.5415413867033375
882.6458941302418 0.5495613110499821
882.9224505564603 0.554648853647832
883.1991327654832 0.5616011365760002
883.4759407573112 0.5636118877468833
883.7528745319438 0.5737094873751408
884.0299340893813 0.5805321049268406
884.3071194296235 0.5912805384466607
884.5844305526705 0.611212424242672
884.8618674585224 0.6194438932442632
885.1394301471788 0.6296966516051695
885.4171186186402 0.6423635642090335
885.6949328729063 0.6588243601579172
885.9728729099772 0.673989829680203
886.250938729853 0.6874044080794339
886.5291303325334 0.7037309430562578
886.8074477180188 0.7184646036549142
887.0858908863088 0.734105099889126
887.3644598374036 0.7474303916583558
887.6431545713032 0.757380712873493
887.9219750880076 0.7661347710218761
888.2009213875168 0.7752682718312038
888.4799934698307 0.7776009811452181
888.7591913349494 0.7807822898527255
889.0385149828729 0.7815329775061026
889.3179644136012 0.7902027962630661
889.5975396271342 0.7911077646609137
889.8772406234721 0.7870974018553138
890.1570674026148 0.7828802126346601
890.4370199645622 0.774997162461164
890.7170983093143 0.7749469724423592
890.9973024368713 0.7714387321928204
891.2776323472332 0.7656586848510362
891.5580880403996 0.7638703718127157
891.8386695163709 0.7603643702727101
892.1193767751471 0.7603405873798439
892.400209816728 0.7615563609256236
892.6811686411136 0.755347646638783
892.9622532483041 0.7530496487556777
893.2434636382993 0.7516609282187142
893.5247998110993 0.7494488353116174
893.8062617667041 0.7509109934225506
894.0878495051137 0.7496173729076705
894.369563026328 0.7458947085932988
894.6514023303471 0.7489125959712403
894.9333674171711 0.7514362956781301
895.2154582867997 0.7459314673325624
895.4976749392333 0.7454561018939744
895.7800173744715 0.7479079783393363
896.0624855925146 0.7521841214670448
896.3450795933625 0.7513965470071843
896.627799377015 0.7486460176664322
896.9106449434723 0.7507718366423258
897.1936162927345 0.7468451002759431
897.4767134248016 0.7468498380252118
897.7599363396732 0.7473491553873829
898.0432850373497 0.751732484896549
898.3267595178311 0.7551612116143365
898.6103597811172 0.7533235511083717
898.894085827208 0.7585312393364302
899.1779376561036 0.7644260797393436
899.4619152678041 0.7691739874824762
899.7460186623092 0.7691909571427229
900.0302478396192 0.7729547821615935
900.314602799734 0.7765662345102979
900.5990835426535 0.7804337408859268
900.8836900683777 0.783263543046621
901.168422376907 0.7850975071824696
901.4532804682408 0.7900910815489568
901.7382643423796 0.7917854965775104
902.0233739993229 0.7954639389180759
902.3086094390712 0.800665771274352
902.5939706616242 0.8052539992955917
902.879457666982 0.8095203676662718
903.1650704551446 0.8118400246925928
903.4508090261119 0.8181986736169731
903.7366733798841 0.8252919837718989
904.022663516461 0.8296402503531369
904.3087794358427 0.8313415284019926
904.5950211380292 0.8357573421659205
904.8813886230205 0.8384652196850491
905.1678818908165 0.8384930657110354
905.4545009414173 0.8397023523977999
905.7412457748229 0.8405955010869758
906.0281163910332 0.844229099817639
906.3151127900485 0.848417284243806
906.6022349718685 0.8460644142983753
906.8894829364932 0.8453140330813463
907.1768566839228 0.8399505506275988
907.464356214157 0.8373890836555835
907.7519815271961 0.8277074795038303
908.0397326230399 0.8214899398766387
908.3276095016885 0.8202724829806943
908.6156121631419 0.8172586178397983
908.9037406074002 0.8066386529290756
909.1919948344631 0.7965489511377991
909.480374844331 0.7942250360578581
909.7688806370036 0.7880847852540175
910.0575122124808 0.7806180592442304
910.3462695707628 0.7718896380532612
910.6351527118497 0.7652792279561068
910.9241616357415 0.7585727392452993
911.2132963424378 0.7550769500112391
911.5025568319392 0.749187809495324
911.7919431042453 0.7414679517234992
912.081455159356 0.7314523215716335
912.3710929972715 0.7271705753232853
912.6608566179918 0.7221248599418658
912.950746021517 0.7226575045300617
913.240761207847 0.7178742557580572
913.5309021769817 0.7103940947507427
913.8211689289211 0.7063451345167104
914.1115614636655 0.7004049776922137
914.4020797812144 0.7044993098910618
914.6927238815683 0.7043019133078943
914.983493764727 0.6998267463953101
915.2743894306902 0.700200813978138
915.5654108794586 0.6969535871900491
915.8565581110314 0.6956715720941974
916.1478311254092 0.6910741024843486
916.4392299225917 0.6889710038136964
916.730754502579 0.6888706343724293
917.0224048653711 0.6891250188009976
917.3141810109679 0.6908443695797288
917.6060829393696 0.6897079871188737
917.898110650576 0.6905645641842143
918.1902641445872 0.6926337963022284
918.4825434214032 0.6931529065801636
918.774948481024 0.6940925665651302
919.0674793234496 0.6887183913898395
919.3601359486798 0.6903728608569851
919.652918356715 0.6959943039350889
919.9458265475548 0.6961625611597831
920.2388605211996 0.6928690991760593
920.532020277649 0.6988632545234583
920.8253058169032 0.7051392142323224
921.1187171389622 0.7042056612301132
921.412254243826 0.7061926589402531
921.7059171314946 0.7085558178291889
921.999705801968 0.7104778216903431
922.2936202552461 0.7145562146032614
922.5876604913291 0.7178135229614033
922.8818265102167 0.7202894962417927
923.1761183119092 0.722195006608498
923.4705358964065 0.7207283112308135
923.7650792637086 0.7209071111248232
924.0597484138154 0.7209424592374133
924.354543346727 0.7239442079525198
924.6494640624435 0.7284944081318927
924.9445105609645 0.7284217525645817
925.2396828422906 0.7284599436483042
925.5349809064212 0.7299915402451819
925.8304047533568 0.7299253954152282
926.1259543830971 0.7287437506233665
926.4216297956422 0.7318754640030827
926.717430990992 0.730237795845815
927.0133579691467 0.7319292857567468
927.3094107301062 0.725377601488965
927.6055892738704 0.7228188550245772
927.9018936004393 0.7243383023397018
928.198323709813 0.7245899550856247
928.4948796019917 0.7264939387207463
928.791561276975 0.7266779749803525
929.0883687347631 0.7250953821845707
929.3853019753559 0.7269413467607092
929.6823609987537 0.723812247620053
929.9795458049562 0.7243350682477048
930.2768563939634 0.7245241901279079
930.5742927657755 0.7192506984036292
930.8718549203923 0.7200209011054712
931.1695428578138 0.71848259161651
931.46735657804 0.7183848850601202
931.7652960810713 0.7160073095031192
932.0633613669073 0.713835046000966
932.3615524355479 0.7156670893829041
932.6598692869934 0.7189558504783337
932.9583119212438 0.7198102449165023
933.2568803382987 0.7186093490767246
933.5555745381586 0.7154494745102438
933.8543945208232 0.7130962957429063
934.1533402862925 0.713292722257592
934.4524118345668 0.7146685474728119
934.7516091656457 0.7169481905452786
935.0509322795294 0.7156763346549216
935.3503811762181 0.7177170729536912
935.6499558557113 0.7178249953160499
935.9496563180094 0.7169910005056692
936.2494825631122 0.718032981306984
936.5494345910199 0.7225801529657994
936.8495124017323 0.7271210306067791
937.1497159952496 0.7238810063435962
937.4500453715716 0.7267492267809512
937.7505005306983 0.7322456596551054
938.0510814726299 0.7333228473673327
938.3517881973662 0.7335257884527879
938.6526207049073 0.733984226847867
938.9535789952532 0.7366720501250617
939.2546630684039 0.737586855772073
939.5558729243594 0.7386647070443533
939.8572085631196 0.7398091002607426
940.1586699846847 0.7465728141309096
940.4602571890545 0.7478344568114633
940.761970176229 0.749153526594725
941.0638089462084 0.750380451849225
941.3657734989926 0.747080753767945
941.6678638345816 0.7455053378657107
941.9700799529752 0.7481687389692916
942.2724218541737 0.7544570265738626
942.574889538177 0.7559776347568242
942.877483004985 0.7557321842773644
943.1802022545978 0.7502308117806057
943.4830472870154 0.7544083206481946
943.7860181022379 0.7596144402995302
944.0891147002651 0.7589759114943397
944.392337081097 0.7546857592571171
944.6956852447338 0.7562806942661283
944.9991591911754 0.7609055892697556
945.3027589204216 0.7615427117152971
945.6064844324726 0.7581714705041217
945.9103357273285 0.7539470490719292
946.2143128049893 0.7523821532645036
946.5184156654547 0.751486896684217
946.8226443087249 0.7561715636892273
947.1269987347998 0.7547353641139923
947.4314789436796 0.7534284920412704
947.7360849353641 0.7516960406958928
948.0408167098535 0.7540825018774111
948.3456742671477 0.751424899537836
948.6506576072466 0.7473817361157606
948.9557667301503 0.7484704083144645
949.2610016358586 0.7419792318889168
949.566362324372 0.7402323812860897
949.87184879569 0.7390721307497203
950.1774610498128 0.7416837306828296
950.4831990867405 0.7408144299821756
950.7890629064727 0.7362398604102912
951.0950525090099 0.7350139732857955
951.4011678943518 0.735821275860931
951.7074090624985 0.7343086743448616
952.0137760134501 0.7280389584159128
952.3202687472063 0.7315357159935638
952.6268872637673 0.7273617325351144
952.9336315631333 0.7268718121353483
953.2405016453038 0.7286048989895801
953.5474975102793 0.7261161260539418
953.8546191580594 0.7222468864216114
954.1618665886444 0.7224863823508907
954.469239802034 0.7212179938410969
954.7767387982286 0.7182564108490739
955.084363577228 0.7191682781484339
955.3921141390321 0.7198636280859042
955.6999904836409 0.7216402337680642
956.0079926110545 0.7157183710203818
956.3161205212731 0.7097925699802914
956.6243742142962 0.7141777568880324
956.9327536901242 0.7096615505178571
957.2412589487571 0.707638952464399
957.5498899901946 0.7075192314839739
957.858646814437 0.70516459850104
958.167529421484 0.7018889358652146
958.4765378113359 0.6990014477824736
958.7856719839926 0.7002181244312673
959.0949319394541 0.7031353541927744
959.4043176777204 0.7064593485123793
959.7138291987914 0.700703012701049
960.0234665026672 0.696661685774065
960.3332295893478 0.6945757954162765
960.6431184588332 0.6944482678175626
960.9531331111233 0.6972427451853657
961.2632735462183 0.6948786593300232
961.573539764118 0.7016535563401002
961.8839317648225 0.6949104322992343
962.1944495483317 0.692454660234769
962.5050931146459 0.6907061679626018
962.8158624637647 0.6961402538138011
963.1267575956883 0.6910912843280166
963.4377785104166 0.6888750269985192
963.7489252079499 0.6909450885111981
964.0601976882879 0.6868111081737643
964.3715959514305 0.6846389469741703
964.6831199973782 0.6865198377924878
964.9947698261306 0.6833624748721886
965.3065454376875 0.6878057134074739
965.6184468320494 0.6882492592788249
965.930474009216 0.6873078880776051
966.2426269691875 0.680856399783682
966.5549057119637 0.6833762135631265
966.8673102375448 0.6820989568497833
967.1798405459306 0.6839883881102731
967.4924966371211 0.6861603512399874
967.8052785111164 0.683877803236388
968.1181861679165 0.6861276182467981
968.4312196075215 0.6782707479406134
968.7443788299312 0.6734887665008734
969.0576638351456 0.6754616190764116
969.3710746231649 0.6754491348581875
969.684611193989 0.679991608576079
969.9982735476177 0.6769456350649405
970.3120616840513 0.6742569393816988
970.6259756032896 0.6742790824606034
970.9400153053328 0.676734979602327
971.2541807901807 0.6710604635932091
971.5684720578334 0.6705034883641847
971.882889108291 0.6730186376251346
972.1974319415533 0.6728842752641842
972.5121005576204 0.6691272306943938
972.8268949564922 0.6658078477529272
973.1418151381688 0.6695861589462392
973.4568611026501 0.669281435670297
973.7720328499364 0.6678342721316074
974.0873303800274 0.6660221935774029
974.4027536929232 0.6644540783708919
974.7183027886238 0.6634565339872105
975.033977667129 0.6612258070299519
975.3497783284391 0.6598837837143171
975.6657047725539 0.6612112154883196
975.9817569994736 0.6607931909993086
976.2979350091981 0.6586251075167272
976.6142388017273 0.659279208761547
976.9306683770612 0.655486229784613
977.2472237352001 0.6562930786555926
977.5639048761437 0.6579514119128606
977.880711799892 0.6655802309611575
978.1976445064452 0.6643296846553252
978.514702995803 0.663684356338687
978.8318872679657 0.664143270845501
979.1491973229331 0.6597000160647941
979.4666331607054 0.6590950627245312
979.7841947812826 0.6597283022335849
980.1018821846643 0.6613408084182292
980.4196953708508 0.6584128971220639
980.7376343398423 0.6613150858837106
981.0556990916384 0.6635227919512926
981.3738896262394 0.6669338730029686
981.6922059436451 0.6656294836925075
982.0106480438556 0.6658268741323297
982.3292159268709 0.6591928214808763
982.6479095926909 0.6628604237812303
982.9667290413158 0.661814131143219
983.2856742727455 0.6589771542736005
983.6047452869798 0.65883707938938
983.9239420840191 0.660150072141681
984.243264663863 0.6576498301483118
984.5627130265118 0.6585866370809954
984.8822871719653 0.6588666549728867
985.2019871002236 0.6629418859137823
985.5218128112868 0.6600343869488285
985.8417643051546 0.6582032605534927
986.1618415818272 0.656895605699093
986.4820446413047 0.6550933636574139
986.802373483587 0.6589992046693167
987.122828108674 0.6627469596572921
987.4434085165658 0.6573244296229729
987.7641147072624 0.6590415463990538
988.0849466807637 0.6558060056296612
988.4059044370697 0.6550388116588265
988.7269879761807 0.6595055446862744
989.0481972980965 0.6586108147905482
989.3695324028168 0.6504163120531037
989.690993290342 0.650479086424497
990.0125799606723 0.6487901539272393
990.334292413807 0.6478113574805242
990.6561306497465 0.6483121394519642
990.9780946684909 0.6504408941858655
991.3001844700401 0.6536465924649151
991.6224000543941 0.6450607537284446
991.9447414215527 0.6435210355622207
992.2672085715163 0.6460797427162576
992.5898015042847 0.6472093849156312
992.9125202198577 0.6479621225901235
993.2353647182356 0.6468922097770264
993.5583349994181 0.6420725590210773
993.8814310634056 0.6371909451599748
994.2046529101978 0.6378413462881316
994.5280005397948 0.63263950478705
994.8514739521966 0.63778583002426
995.175073147403 0.6408338346221158
995.4987981254144 0.6451117057315654
995.8226488862305 0.6372217381205847
996.1466254298514 0.6336409609943526
996.470727756277 0.6373767405736422
996.7949558655075 0.6410091438584554
997.1193097575427 0.6335539736962388
997.4437894323827 0.6284420058667675
997.7683948900276 0.6266117385516013
998.0931261304771 0.6249257421766022
998.4179831537315 0.6271339310169424
998.7429659597906 0.627756463510392
999.0680745486544 0.6232097154630895
999.3933089203233 0.6231243364331593
999.7186690747967 0.6252723246410707
1000.0441550120748 0.6256284804904163
1000.369766732158 0.6236559005373304
1000.6955042350459 0.6244618472582364
1001.0213675207384 0.6205670713983601
1001.3473565892357 0.6211666305144409
1001.6734714405379 0.6150795133431995
1001.9997120746449 0.6166594650745028
1002.3260784915566 0.6144719437856566
1002.6525706912731 0.6168600366254393
1002.9791886737945 0.6209717693147347
1003.3059324391205 0.6204004451622304
1003.6328019872512 0.6185381361023432
1003.9597973181869 0.623789613198991
1004.2869184319275 0.6229223249924009
1004.6141653284726 0.6250997650150679
1004.9415380078226 0.6231404427358411
1005.2690364699773 0.620457951866248
1005.5966607149369 0.6177424086816937
1005.9244107427012 0.6210159357639262
1006.2522865532703 0.6224182633735164
1006.5802881466443 0.6232986585961785
1006.9084155228229 0.6253364626573525
1007.2366686818063 0.6209687887148996
1007.5650476235945 0.6182772080958859
1007.8935523481875 0.6220665490213116
1008.2221828555853 0.6238001568086401
1008.550939145788 0.6196432465476703
1008.8798212187953 0.6231817343511586
1009.2088290746074 0.6196179101589457
1009.5379627132243 0.6203361694368446
1009.867222134646 0.6233193228821995
1010.1966073388726 0.6236559655821511
1010.5261183259038 0.62294541167383
1010.8557550957398 0.6204932641455863
1011.1855176483806 0.6232767190066306
1011.5154059838263 0.6287752598091827
1011.8454201020766 0.633424323249003
1012.1755600031317 0.628642036021026
1012.5058256869918 0.625974332769889
1012.8362171536564 0.6336040807350274
1013.1667344031259 0.6301412023119903
1013.4973774354003 0.628380265004704
1013.8281462504794 0.6301354757714142
1014.1590408483632 0.6313415648873887
1014.4900612290519 0.6278588263886993
1014.8212073925453 0.6281385849380049
1015.1524793388435 0.6298036304494091
1015.4838770679464 0.6280922713706745
1015.8154005798542 0.6305526458566425
1016.1470498745668 0.6308762758832162
1016.4788249520841 0.6305933677065376
1016.8107258124062 0.6358459215282772
1017.1427524555331 0.6400353306910117
1017.4749048814648 0.6391134380921706
1017.8071830902012 0.6429457006084788
1018.1395870817425 0.647960827530047
1018.4721168560884 0.6447997895203733
1018.8047724132393 0.6436255829616426
1019.1375537531949 0.65016886907158
1019.4704608759552 0.6571706149335713
1019.8034937815204 0.659716633139073
1020.1366524698902 0.658970616329311
1020.469936941065 0.6637972344980537
1020.8033471950445 0.6654436280947699
1021.1368832318287 0.6636389467995734
1021.4705450514177 0.670156713835821
1021.8043326538116 0.6740627303646106
1022.1382460390103 0.680589660109343
1022.4722852070136 0.6891469696678374
1022.8064501578217 0.6960407598653794
1023.1407408914347 0.6964833516804753
1023.4751574078525 0.6906230037751013
1023.809699707075 0.6924995473517572
1024.1443677891023 0.6945277775928337
1024.4791616539344 0.7055871536058829
1024.8140813015712 0.7044476998367984
1025.1491267320127 0.702256892172896
1025.4842979452592 0.7079303922542097
1025.8195949413105 0.7112466340636002
1026.1550177201664 0.7158832086430258
1026.4905662818273 0.7149746039317145
1026.826240626293 0.7163970156827534
1027.1620407535631 0.7156590096262091
1027.4979666636382 0.722130778078781
1027.834018356518 0.7243138071075508
1028.1701958322028 0.7196206560646966
1028.5064990906922 0.7222047644751953
1028.8429281319866 0.7241567867003476
1029.1794829560854 0.7228055591019374
1029.5161635629893 0.7225763088615856
1029.8529699526978 0.7147009452588742
1030.1899021252113 0.7171294318487634
1030.5269600805293 0.7186498408482724
1030.8641438186523 0.7160209069964115
1031.20145333958 0.7162741962251751
1031.5388886433125 0.7161296905855146
1031.8764497298498 0.7121658447008844
1032.2141365991918 0.7124075192969623
1032.5519492513386 0.7108075443956602
1032.8898876862902 0.7097172280292597
1033.2279519040467 0.7058438656617152
1033.5661419046078 0.7032734033402036
1033.9044576879737 0.7025291322709476
1034.2428992541445 0.7049430725922433
1034.5814666031201 0.7030851969946886
1034.9201597349004 0.7038466127725224
1035.2589786494855 0.702093270056522
1035.5979233468754 0.6994911853491335
1035.93699382707 0.6971936408499556
1036.2761900900693 0.6905244830648142
1036.6155121358736 0.690659777313072
1036.9549599644824 0.6962600521404599
1037.2945335758964 0.6980609893371126
1037.634232970115 0.6964795361203584
1037.9740581471383 0.6948107422799346
1038.3140091069663 0.6931532706791631
1038.6540858495991 0.6942175905471223
1038.9942883750368 0.6935778016188724
1039.3346166832794 0.6948039717033738
1039.6750707743265 0.6993743042788877
1040.0156506481785 0.7009888068474863
1040.3563563048356 0.6911075192471058
1040.697187744297 0.6916945013793188
1041.0381449665633 0.6881406255938262
1041.3792279716345 0.6914639270340144
1041.7204367595104 0.6942746467193619
1042.061771330191 0.6940401310455898
1042.4032316836767 0.6929336716703988
1042.7448178199668 0.6887271826852925
1043.086529739062 0.6853716096781819
1043.4283674409617 0.6880170531540353
1043.7703309256665 0.6794042682977697
1044.112420193176 0.6834785745434879
1044.45463524349 0.6797259594321479
1044.796976076609 0.676834493618601
1045.1394426925326 0.6774163274248102
1045.4820350912612 0.6765147192659979
1045.8247532727944 0.6721278550036215
1046.1675972371327 0.6665200384975104
1046.5105669842756 0.6684086628653139
1046.853662514223 0.672129943697765
1047.1968838269754 0.66294327452877
1047.5402309225328 0.6627178685136472
1047.8837038008949 0.6567482598273718
1048.2273024620615 0.6553643017667572
1048.571026906033 0.6571715648657092
1048.9148771328096 0.6550767420991567
1049.2588531423905 0.6480654665304195
1049.6029549347763 0.6515328106632323
1049.947182509967 0.6413393068603725
1050.2915358679627 0.6374889738380866
1050.6360150087628 0.635288772126325
1050.9806199323677 0.6329613003228729
1051.3253506387775 0.6357397042888746
1051.6702071279922 0.6323728439985649
1052.0151894000114 0.6297602157204369
1052.3602974548357 0.6233161223378837
1052.7055312924645 0.6210329705081992
1053.0508909128985 0.6170338059283356
1053.3963763161369 0.6158329244242504
1053.74198750218 0.6221269278273809
1054.0877244710282 0.6148378783981507
1054.433587222681 0.6098423729310561
1054.7795757571387 0.6062548569858284
1055.125690074401 0.6039490067462987
1055.471930174468 0.6084626744931002
1055.8182960573401 0.6127979624142396
1056.1647877230168 0.6107631374562643
1056.5114051714984 0.6061562118902828
1056.8581484027848 0.609584005911508
1057.2050174168758 0.6085913677544964
1057.5520122137716 0.6062382965836356
1057.8991327934723 0.6091402607210523
1058.2463791559776 0.6104295022478925
1058.593751301288 0.605804266491564
1058.941249229403 0.6063750119755845
1059.2888729403228 0.6027516752319716
1059.6366224340475 0.6050104109297424
1059.9844977105768 0.6060038471749093
1060.332498769911 0.6043329850900947
1060.6806256120497 0.6029913005370152
1061.0288782369933 0.6033628731391794
1061.377256644742 0.607271329906479
1061.7257608352952 0.6063314015009742
1062.074390808653 0.6040817678745815
1062.4231465648159 0.6062419064577111
1062.7720281037837 0.6073800962350383
1063.1210354255559 0.6060361218881483
1063.470168530133 0.6067288310520513
1063.8194274175148 0.6105307437931933
1064.1688120877018 0.6097721899934173
1064.5183225406931 0.6049205468731146
1064.8679587764896 0.6056823701706097
1065.2177207950906 0.6130778022197054
1065.5676085964963 0.6128054939945665
1065.917622180707 0.6166233510514615
1066.2677615477223 0.6158806769967552
1066.6180266975425 0.6165810483844194
1066.9684176301676 0.6201541881353955
1067.3189343455972 0.6215815300287912
1067.6695768438317 0.6227671951312375
1068.020345124871 0.6226144569414727
1068.3712391887152 0.6228438902076022
1068.722259035364 0.6224126153851564
1069.0734046648176 0.619584374609766
1069.4246760770761 0.6195746110575211
1069.7760732721395 0.6209171775302695
1070.1275962500074 0.6152022316103845
1070.4792450106802 0.6164067578069958
1070.8310195541576 0.6144177154415368
1071.18291988044 0.616223122200613
1071.5349459895272 0.6154480597496018
1071.887097881419 0.615474919014105
1072.2393755561156 0.6148172731436136
1072.5917790136173 0.6193435532573318
1072.9443082539235 0.6150164625847981
1073.2969632770344 0.614358230100733
1073.6497440829503 0.6126671509292635
1074.0026506716708 0.6096441351352848
1074.3556830431962 0.6150571578731213
1074.7088411975265 0.6141825704355313
1075.0621251346613 0.6125239772293997
1075.4155348546012 0.6105783402651181
1075.7690703573455 0.6120826623561826
1076.1227316428947 0.6082898647629853
1076.476518711249 0.610781839040965
1076.8304315624077 0.6093368603177635
1077.1844701963714 0.6102062847079042
1077.5386346131397 0.6141449861559741
1077.8929248127129 0.6100059931711247
1078.2473407950908 0.60543887494017
1078.6018825602737 0.6088468664609692
1078.9565501082611 0.6054794044187501
1079.3113434390536 0.6054419633331249
1079.6662625526506 0.6035270796331126
1080.0213074490525 0.6038427690875587
1080.3764781282591 0.6063969706617974
1080.7317745902706 0.6066099223270542
1081.0871968350866 0.6020187129473592
1081.4427448627077 0.6038222788781857
1081.7984186731335 0.6022375867082179
1082.154218266364 0.59876924145292
1082.5101436423995 0.6026579568669287
1082.8661948012395 0.6086428672819951
1083.2223717428844 0.610594546215671
1083.5786744673342 0.6116494766651434
1083.9351029745887 0.6034656597573518
1084.291657264648 0.605497111939289
1084.648337337512 0.6022928012236475
1085.0051431931806 0.6001141547168488
1085.3620748316544 0.5997869401416037
1085.7191322529327 0.6002083739236352
1086.0763154570159 0.60050659049362
1086.4336244439037 0.6001192075900266
1086.7910592135966 0.5984198502124235
1087.148619766094 0.600073444626764
1087.5063061013961 0.6037326967738191
1087.8641182195033 0.6037512994690136
1088.2220561204153 0.5986566699951936
1088.5801198041318 0.5952318172403726
1088.9383092706532 0.6007354714186806
1089.2966245199793 0.5997774917782369
1089.6550655521105 0.597829738056464
1090.013632367046 0.5988578148138604
1090.3723249647867 0.5959636316670108
1090.7311433453322 0.5910855547895242
1091.0900875086822 0.5905142105072204
1091.449157454837 0.591788597476176
1091.8083531837965 0.591099566198951
1092.167674695561 0.5863056292721198
1092.5271219901304 0.5839937095049288
1092.8866950675042 0.5847045838892637
1093.2463939276831 0.5864961879258577
1093.6062185706667 0.5866034429320719
1093.966168996455 0.5807859664557699
1094.326245205048 0.5776404948971016
1094.686447196446 0.5798696604619112
1095.0467749706486 0.578078445317642
1095.4072285276561 0.5795935856880512
1095.7678078674685 0.5754948406403768
1096.1285129900855 0.5853905852842599
1096.4893438955073 0.5827473720496867
1096.850300583734 0.5873551630895353
1097.2113830547653 0.5834441483376043
1097.5725913086014 0.5846677997595142
1097.9339253452422 0.5865561557317329
1098.295385164688 0.5856045350698778
1098.6569707669387 0.5867441221396523
1099.0186821519937 0.5871049722399727
1099.380519319854 0.5871098368657507
1099.7424822705188 0.5816735583265541
1100.1045710039884 0.5813343677813931
1100.4667855202629 0.5876759495051461
1100.829125819342 0.5813538214564505
1101.191591901226 0.5740909845923503
1101.5541837659148 0.5760580403684307
1101.9169014134081 0.5780194725426134
1102.2797448437066 0.5770257938647241
1102.6427140568098 0.5763295396499821
1103.0058090527175 0.5783277590762476
1103.3690298314302 0.5768813563366639
1103.7323763929476 0.5761649146131838
1104.09584873727 0.5805082823286926
1104.4594468643968 0.5768065167119336
1104.8231707743287 0.5752164174192859
1105.1870204670654 0.5739561655659392
1105.5509959426067 0.5685221595420362
1105.9150972009527 0.5660668653943998
1106.2793242421037 0.570921886393057
1106.6436770660594 0.571040868871711
1107.0081556728198 0.5655169517362828
1107.3727600623852 0.5632798341335926
1107.7374902347551 0.5667634074465978
1108.10234618993 0.566628396705592
1108.4673279279095 0.565463096913279
1108.832435448694 0.5647586977632588
1109.197668752283 0.5718240649836619
1109.563027838677 0.5757206357311302
1109.9285127078756 0.5675267528019973
1110.2941233598792 0.563401566659409
1110.6598597946875 0.5630561892486768
1111.0257220123005 0.5654486897978875
1111.3917100127185 0.566390361145851
1111.757823795941 0.561779141643315
1112.1240633619684 0.5609956125367996
1112.4904287108006 0.563527051542664
1112.8569198424377 0.5643846199225403
1113.2235367568794 0.5587941866033274
1113.590279454126 0.564992548476802
1113.9571479341773 0.5632382644792129
1114.3241421970336 0.5590759386484039
1114.6912622426944 0.5533625369643724
1115.0585080711598 0.5554742036320115
1115.4258796824304 0.5538675765154991
1115.7933770765057 0.5459296202255075
1116.1610002533855 0.5547397226418702
1116.5287492130703 0.5564823670874132
1116.89662395556 0.5587835874442398
1117.2646244808543 0.5530135284522903
1117.6327507889534 0.5519699191369751
1118.0010028798574 0.5503199783823134
1118.369380753566 0.5467390546944082
1118.7378844100795 0.5475643247383065
1119.1065138493977 0.5469730943921598
1119.4752690715209 0.5421671096033992
1119.8441500764488 0.5425969025135662
1120.2131568641812 0.5340368379108971
1120.5822894347186 0.5387827005173471
1120.9515477880607 0.5393166806525845
1121.3209319242078 0.5397088562528737
1121.6904418431595 0.5302461605481091
1122.060077544916 0.5324784439029319
1122.4298390294773 0.5334519235536357
1122.7997262968433 0.5370994007244753
1123.1697393470142 0.5357654039504278
1123.5398781799897 0.5417320504645375
1123.9101427957703 0.5352687010447499
1124.2805331943555 0.527824123525617
1124.6510493757455 0.5328574422733224
1125.0216913399404 0.5357607937881339
1125.3924590869397 0.5349055878623591
1125.763352616744 0.528254876896818
1126.1343719293532 0.5238488418270353
1126.505517024767 0.525225311629289
1126.8767879029856 0.5255839746077087
1127.248184564009 0.5260899452346197
1127.6197070078374 0.5230951359134713
1127.9913552344703 0.5205114329282192
1128.3631292439081 0.5229443539304971
1128.7350290361508 0.5250151247179596
1129.1070546111982 0.5206702552823685
1129.4792059690503 0.521280318641892
1129.851483109707 0.5246456466266637
1130.2238860331688 0.5265564540919868
1130.5964147394354 0.5342609286212546
1130.9690692285067 0.5298816875001923
1131.3418495003825 0.5223309130376189
1131.7147555550637 0.5320151478009051
1132.0877873925492 0.5301417954404516
1132.4609450128394 0.5343315620275912
1132.8342284159346 0.5350739213691887
1133.2076376018347 0.5313150315779296
1133.5811725705394 0.5374697646377083
1133.9548333220487 0.5431341923466834
1134.328619856363 0.5427118157340264
1134.7025321734823 0.541725640068628
1135.076570273406 0.538145877753911
1135.4507341561348 0.5399745942829813
1135.825023821668 0.5382056835425376
1136.1994392700062 0.5339406716704194
1136.5739805011492 0.5339375082826925
1136.948647515097 0.5421016244543375
1137.3234403118497 0.5495594621952167
1137.698358891407 0.5402301018713023
1138.0734032537691 0.5364402526746112
1138.4485733989359 0.535182378559989
1138.8238693269077 0.5412130047628512
1139.199291037684 0.5378293723227278
1139.5748385312652 0.547615857538173
1139.9505118076513 0.5487030914845328
1140.326310866842 0.5493468994404381
1140.7022357088376 0.5487589078814615
1141.078286333638 0.5530935421089891
1141.454462741243 0.5443844220565096
1141.830764931653 0.5460761311247482
1142.2071929048677 0.5520844452921776
1142.5837466608873 0.5501980376796177
1142.9604261997115 0.5518133075084151
1143.3372315213405 0.5496245439301864
1143.7141626257744 0.5599762240924137
1144.0912195130131 0.5637638981940774
1144.4684021830565 0.5695978723528514
1144.8457106359044 0.5676388847958419
1145.2231448715575 0.5702793181946192
1145.6007048900153 0.5704379301202532
1145.9783906912776 0.5655875812955219
1146.356202275345 0.576493003169694
1146.734139642217 0.5880221582890368
1147.112202791894 0.5787324560551905
1147.4903917243755 0.582416258608632
1147.868706439662 0.5973228282860118
1148.2471469377533 0.5958246662288417
1148.6257132186493 0.5968451217938378
1149.00440528235 0.6092769299101907
1149.3832231288557 0.6153696280449185
1149.762166758166 0.6349937930964143
1150.141236170281 0.6457072313140291
1150.520431365201 0.6578235060472407
1150.8997523429257 0.6655187028095163
1151.2791991034549 0.6714112547273077
1151.6587716467893 0.6834095228266682
1152.0384699729284 0.691666834291398
1152.418294081872 0.7087421517852089
1152.7982439736206 0.7215792995574493
1153.178319648174 0.7058739555731168
1153.5585211055322 0.7195124567606431
1153.938848345695 0.752168182318484
1154.3193013686628 0.7838470073420248
1154.6998801744353 0.7837535870520373
1155.0805847630124 0.8000807131401705
1155.4614151343944 0.8184112749074932
1155.8423712885815 0.8485460578818397
1156.223453225573 0.9167231779652709
1156.6046609453695 0.9114152833006821
1156.9859944479704 0.9398019958632979
1157.3674537333766 0.992692002297842
1157.7490388015872 1.0938181121701234
1158.1307496526028 1.2206455854440412
1158.512586286423 1.2963754294902643
1158.8945487030483 1.339804268085809
1159.276636902478 1.5452360090364643
1159.6588508847126 1.7750790957295703
1160.041190649752 1.9990943311330722
1160.4236561975963 2.402738256524991
1160.8062475282452 2.5385981290214974
1161.188964641699 2.5569974151876247
1161.5718075379575 2.1983841471474386
1161.954776217021 1.3680271832477369
1162.337870678889 1.127982559432662
1162.7210909235619 0.9774117060349345
1163.1044369510396 0.970502210766079
1163.487908761322 0.8518673847182366
1163.8715063544093 0.9519305101010594
1164.2552297303014 0.8175130739814896
1164.639078888998 0.9650349364420892
1165.0230538304997 0.9999920260436822
1165.407154554806 0.7033895107629797
1165.7913810619173 0.8619237287776805
1166.175733351833 0.8214073651869438
1166.5602114245537 0.571261243194292
1166.9448152800794 0.5625098250428328
1167.3295449184097 0.7808342041288475
1167.7144003395447 0.5751668882851387
1168.0993815434845 0.5815303183954416
1168.484488530229 0.3742848343016053
1168.8697212997786 0.39265700927377684
1169.2550798521327 0.21056588084718184
1169.6405641872916 0.2516233690635111
1170.0261743052554 0.207111282379917
1170.4119102060238 0.22875916052102008
1170.797771889597 0.35509534963177525
1171.1837593559753 0.3574967977176959
1171.5698726051583 0.24285001171660897
1171.9561116371458 0.19747633077289928
1172.3424764519382 0.15776631176395112
1172.7289670495354 0.1973618838019498
1173.1155834299375 0.1684418670197037
1173.5023255931442 0.10130051538290832
1173.8891935391557 0.14992765618277773
1174.276187267972 0.1486576958847991
1174.663306779593 0.10366464141361172
1175.050552074019 -0.005904259588496708
1175.4379231512498 0.04613390321204594
1175.8254200112851 -0.12223062800202948
1176.2130426541255 -0.31651964611767924
1176.6007910797703 -0.29907936035218335
1176.98866528822 -0.2719714580008139
1177.3766652794748 -0.2401841135156198
1177.7647910535343 -0.3523408909777174
1178.1530426103984 -0.2235746634068098
1178.5414199500674 -0.10653331791203977
1178.929923072541 -0.37223183572604635
1179.3185519778194 -0.5065615282445287
1179.7073066659027 -0.320158397963759
1180.0961871367908 -0.4904808636566321
1180.4851933904836 -0.3419394459620285
1180.8743254269812 -0.37620356575814834
1181.2635832462838 -0.4170973679059925
1181.6529668483909 -0.5485348528643483
1182.0424762333028 -0.5421707134314183
1182.4321114010195 -0.3657827579073623
1182.821872351541 -0.6210501904771392
1183.2117590848673 -0.7449140989387701
1183.6017716009985 -0.807408541038635
1183.9919098999344 -0.5988362677253797
1184.382173981675 -0.6826463498508362
1184.7725638462202 -0.6413026059264786
1185.1630794935706 -0.8558324751206715
1185.5537209237257 -0.6143690036661336
1185.9444881366853 -0.620376846997244
1186.3353811324498 -0.7383388673873451
1186.7263999110194 -0.8465721099816341
1187.1175444723935 -0.7801276964456777
1187.5088148165723 -0.7459677401376619
1187.9002109435557 -0.8084948594392091
1188.2917328533445 -0.7793178731925485
1188.6833805459378 -0.7316447080799058
1189.0751540213357 -0.7868831467132679
1189.4670532795385 -0.9228037715397124
1189.8590783205461 -0.9315538744552373
1190.2512291443584 -0.901581779927326
1190.6435057509755 -0.8431975299314833
1191.0359081403974 -0.9139274850734114
1191.4284363126242 -0.9283587736972572
1191.8210902676558 -0.8400935977679375
1192.213870005492 -0.9102676205022485
1192.606775526133 -1.0098327767822652
1192.999806829579 -1.0153802027460341
1193.3929639158296 -0.923630151705134
1193.786246784885 -0.9117582331859069
1194.1796554367452 -0.9603684294812658
1194.57318987141 -0.9216994929990244
1194.96685008888 -0.8216853494193337
1195.3606360891545 -0.9482082713535644
1195.7545478722336 -0.9483807387767074
1196.1485854381176 -1.1182879849781044
1196.5427487868067 -1.1039160439789977
1196.9370379183003 -1.095030203259327
1197.3314528325986 -0.9706798533754991
1197.7259935297018 -0.9716821096995273
1198.12066000961 -0.9446729452295551
1198.5154522723226 -0.8834136925455792
1198.9103703178403 -0.9513197784170333
1199.3054141461625 -0.9035401279696543
1199.7005837572897 -0.9786197770621292
1200.0958791512217 -1.1405962089205
1200.4913003279582 -1.0653369223388152
1200.8868472874997 -0.9659641908539295
1201.282520029846 -0.9726774189405807
1201.678318554997 -1.132296656998594
1202.0742428629528 -1.1472113072440713
1202.4702929537134 -1.06748750666055
1202.8664688272788 -1.1146371460656084
1203.2627704836489 -1.091442752299747
1203.6591979228238 -0.9980366881909338
1204.0557511448037 -1.078509503439956
1204.452430149588 -1.0496221159780352
1204.8492349371772 -1.1646733806817786
1205.2461655075713 -1.1701382499456234
1205.6432218607704 -1.23843623093017
1206.0404039967739 -1.2281317992550858
1206.4377119155822 -1.202381692671058
1206.8351456171954 -1.1704569471592328
1207.2327051016134 -1.199716840123389
1207.630390368836 -1.2665570566187525
1208.0282014188638 -1.1533509413693597
1208.426138251696 -1.1305400037233313
1208.824200867333 -1.3339587697372526
1209.222389265775 -1.3154041726830301
1209.6207034470217 -1.219587993479755
1210.019143411073 -1.2740272571826061
1210.4177091579293 -1.2281402700695663
1210.8164006875902 -1.2340252137128065
1211.2152180000562 -1.2319974242597052
1211.6141610953266 -1.3449617096543476
1212.013229973402 -1.307883632512621
1212.4124246342822 -1.2809661480898107
1212.811745077967 -1.3606549935738095
1213.2111913044566 -1.523404738562921
1213.610763313751 -1.3805020114277538
1214.0104611058505 -1.4638263774222173
1214.4102846807546 -1.3171419416047194
1214.8102340384632 -1.4429309508758772
1215.2103091789768 -1.5265265750425334
1215.6105101022952 -1.4920398861801998
1216.0108368084184 -1.2942107286633806
1216.4112892973462 -1.2123962454344026
1216.811867569079 -1.301827713271858
1217.2125716236164 -1.517213947844952
1217.6134014609588 -1.4362145696715307
1218.0143570811058 -1.4181445228308571
1218.4154384840579 -1.5393125518647668
1218.8166456698143 -1.5363113539716213
1219.2179786383756 -1.512565119789758
1219.619437389742 -1.407105266229314
1220.021021923913 -1.503246016535013
1220.4227322408885 -1.551711410443814
1220.8245683406692 -1.326535934371412
1221.2265302232545 -1.2399089466579751
1221.6286178886446 -1.417923662868727
1222.0308313368394 -1.541898563772311
1222.4331705678392 -1.516109354141305
1222.8356355816436 -1.469112179511317
1223.2382263782526 -1.5615051116008154
1223.6409429576668 -1.5797506335268525
1224.0437853198855 -1.5162909937899927
1224.446753464909 -1.5022980925538756
1224.8498473927375 -1.7416969766510915
1225.2530671033705 -1.7381547048953538
1225.6564125968084 -1.7161323967677014
1226.0598838730511 -1.6918112501254852
1226.4634809320985 -1.7127721263524531
1226.867203773951 -1.7370270882232686
1227.271052398608 -1.8295036963766818
1227.6750268060696 -1.722900635166597
1228.0791269963363 -1.717756244923432
1228.4833529694079 -1.70646807127404
1228.8877047252838 -1.7299679097910492
1229.2921822639646 -1.7316178545613672
1229.6967855854505 -1.83735185862316
1230.1015146897412 -1.884222104662798
1230.5063695768363 -1.7867005596375705
1230.9113502467362 -1.8087600406190432
1231.3164566994415 -1.8942348322411564
1231.7216889349509 -1.8952753740910018
1232.127046953265 -1.934914803494068
1232.5325307543844 -1.9349219943945632
1232.9381403383086 -1.876924023134824
1233.3438757050371 -1.9897880427420611
1233.7497368545705 -2.081476059643491
1234.155723786909 -2.1098843524589004
1234.5618365020523 -2.1322748738475816
1234.968075 -1.9565145335443612
